 sin |       lat        |       lon        
-----+------------------+------------------
 854 |       23.5343284 |       87.2967216
 855 |       23.5426944 |       87.3339275
 671 |       22.9937848 |       88.4046274
 995 |       24.6642107 |       87.9462406
 352 |       22.9567432 |       88.4512302
 464 |       26.9450303 |       88.1869747
 874 |       25.3392095 |       88.7271026
 920 |       27.0378239 |        88.331373
 844 |       24.0747264 |       87.5721277
 848 |        23.873793 |       87.7416825
 00A |        23.431383 |       88.4059497
 897 |       22.0887141 |        87.761871
 870 |       24.1203426 |       87.6608133
 729 |       22.4361447 |       87.3116426
 00C |       23.0215482 |       87.0076197
 00H |       25.7312354 |       88.1263705
 888 |       22.9716592 |       87.1764456
 922 |       22.2651537 |       87.8985375
 831 |        21.793553 |       87.5117237
 813 |       22.1650961 |       87.6753539
 489 |       22.0621342 |       88.0421701
 00K |       26.4185651 |       88.2736386
 952 |  23.429959868679 | 86.4869663491845
 996 |       23.3447934 |       88.0387368
 858 |       23.5094095 |        87.308472
 988 |        23.173539 |       88.7343373
 00O |       22.8165863 |       88.4023523
 992 |       25.2286846 |       88.5782652
 953 |       23.6996465 |       86.8698201
 890 |       26.6986478 |        88.378804
 01A |       22.9223917 |       88.8037026
 784 |       23.6056896 |       88.5269499
 358 |       23.4018433 |       88.3581117
 916 |       24.5102518 |        88.028177
 985 |       24.3015892 |       88.0308308
 647 |       22.7351579 |       88.3406513
 00F |       22.4150678 |       88.3979813
 921 |       22.6263869 |       88.4913832
 515 |       23.2460133 |       87.8607824
 899 |       24.0401764 |       87.9791087
 895 |       26.2345378 |        89.477623
 00M |       26.1463184 |       89.3914192
 765 |       26.1703888 |       89.7130653
 883 |        22.735907 |        87.452632
 00I |       22.4045019 |       88.4144291
 01I |       26.4771951 |       88.8531771
 984 |       24.8013417 |       88.0575433
 836 |       22.5495033 |       88.5709197
 28A |        25.462276 |        87.909204
 00R |       25.4258246 |       87.8780741
 00N |       22.6178827 |       88.2867024
 893 |        22.815424 |       88.7459509
 950 |       22.9310455 |        86.978572
 01S |        26.305465 |       89.6009798
 930 |       23.6615887 |       87.0655117
 908 |       23.0749524 |       88.0857051
 622 |       22.5780697 |       88.4607577
 624 |       22.5782452 |       88.4844627
 577 |       22.5841017 |       88.4484319
 819 |       22.5641184 |       88.5140116
 821 |       22.5563838 |       88.5024764
 818 |       22.5622576 |       88.4887794
 632 |       22.5915277 |       88.4793648
 625 |       22.6113999 |       88.4736947
 626 |       22.6258964 |       88.4655168
 627 |       22.6280682 |       88.4595165
 630 |       22.5669355 |       88.4954504
 01U |       23.9850007 |       88.2405913
 01L |       22.9627616 |       87.4783182
 00L |       22.5568748 |       87.4073838
 00Y |       25.4562344 |       88.6102023
 764 |       22.5815799 |       88.4920095
 763 |       22.6019721 |       88.4775067
 00D |       25.4310541 |       88.0867052
 623 | 22.5790708307229 | 88.4800964221358
 629 | 22.5707996033712 | 88.5161248594522
 827 | 22.5715568730353 | 88.5068977251649
 972 |       24.3266386 |        88.303258
 01V |       26.9761011 |       88.2739153
 00P |       23.2014428 |       87.8371317
 01W |        23.127999 |       87.8501649
 775 |       24.0151558 |       88.6649291
 535 | 22.5812477617325 | 88.4306794032455
 00W |       22.5756835 |       87.5985894
 884 |        22.788421 |       87.1140465
 937 |       26.9446511 |       88.3587894
 954 |       23.4704943 |        87.448281
 991 |        25.050097 |        88.135008
 891 |       22.4387356 |       88.5702441
 00S |       22.1775031 |       88.4271292
 865 |       22.3455023 |       87.1785756
 948 |       22.8495476 |       87.3090086
 767 |       22.2056178 |       87.2601145
 982 | 22.5804100560041 | 88.4974020346999
 762 |       22.5646363 |       88.5182472
 621 | 22.5826364969626 | 88.4616679698229
 781 |        22.575788 |       87.5987138
 973 |       25.2868383 |       88.2944097
 524 |        26.488481 |       88.3145015
 694 |       23.0115079 |       87.7724352
 00Q |       27.1450574 |       88.6046297
 01R |       23.7306704 |       88.4408259
 966 |       22.5761345 |       88.4168667
 01E |  26.705490378598 | 88.4359583258629
 01J |       22.5629034 |       88.1797688
 02J |       26.7095771 |       88.3381202
 02I |       26.7269921 |       88.4292119
 02L | 27.0447678394522 | 88.5346468538046
 00G |       23.6182962 |       87.8173304
 830 |       23.2517302 |         88.53463
 03I |       22.5833005 |       88.1923127
 64A |       26.7056303 |       88.4357719
 951 |       26.8808658 |       88.2785231
 793 |       23.3848939 |       88.7527502
 967 |       22.5739277 |       88.4352982
 968 |       22.5725315 |       88.4360851
 961 |       22.5824761 |       88.4255037
 963 |       22.5751829 |       88.4076152
 969 |       22.5704931 |       88.4362017
 970 |       22.5684621 |       88.4333204
 01M |       26.1211542 |       89.3023797
 936 |        25.376927 |       88.0503938
 01K |       22.8664554 |       88.3514574
 741 |       23.9548899 |       88.0386882
 03D |       23.9833763 |       88.2498845
 537 |       22.2980671 |       88.0604329
 989 |       24.2553906 |       88.3731289
 926 |       22.6003127 |       88.5350478
 643 | 22.0352917177839 | 87.4264821410179
 01O |       23.1934915 |       87.4135008
 02E |       23.5453057 |       87.3198811
 555 |       22.7000379 |       88.3830886
 949 |       22.1004819 |       87.4470002
 656 |        21.825343 |       87.3672867
 541 |        23.727035 |       86.8494885
 543 |       23.7107121 |       86.8897295
 965 |       22.5749667 |       88.4204143
 964 |       22.5639874 |       88.4119911
 02X | 22.6236569955896 |  88.460563570261
 02M |       22.7146032 |       88.4791771
 02W |       26.6522206 |       88.4399709
 03F |       22.7025284 |       88.4186199
 03J |       26.0436216 |       87.8887414
 02P |       22.1602756 |       87.0640896
 02S |       26.4931016 |       89.5408383
 02Y | 22.7084024986237 | 88.2834308221936
 03M |       22.6500232 |       88.3017111
 03Z |       26.4854079 |       89.3907195
 03U |       22.2175458 |       88.1227186
 03Y |       26.4731389 |       89.7892421
 02U |       22.6236567 |        88.460581
 03O |        21.998157 |        88.222714
 04F |       25.2137022 |       88.9007116
 04A |       21.8023352 |       87.6592436
 02R |       22.5696981 |       88.1344981
 04B | 25.3414786422696 | 88.1633133567602
 04T |       26.4106938 |        89.502237
 04X | 25.5031519811072 | 88.4895939265997
 03W |       26.0220902 |       89.5288988
 04Q |        23.157135 |         87.31467
 04K |       22.6860811 |       88.5897203
 04M |       22.6000032 |       88.2280274
 04N |       22.6321875 |        88.223974
 02H |       25.5911667 |       88.1285717
 03E |       23.6970047 |       87.1244929
 03T |       23.6103113 |       87.2272182
 02A |        22.442132 |       88.2974115
 04L |       22.6081572 |       88.4569801
 05E |       26.3958753 |       89.8574803
 820 |        22.543016 |        88.518857
 01Z | 22.5019366396693 | 88.5478641092777
 05A |       24.2420263 |       87.8882436
 04R |       23.0912351 |       87.6862446
 05L |       22.6470108 |       87.7398947
 034 |       22.6691083 |       88.4376433
 043 |       22.6095242 |        88.305142
 041 |       22.6361746 |       88.3023229
 003 |       22.2138064 |        88.280144
 006 |       22.2749306 |       88.2214642
 349 |       22.9563122 |       88.5726648
 346 |       23.0819334 |       88.5460281
 350 |       22.9798253 |       88.4480356
 510 |       23.0271667 |        88.587623
 348 |       22.9576289 |       88.5230074
 462 |       22.4917817 |       88.5181283
 054 |       22.5630954 |       88.1593902
 538 |        22.571193 |       88.1758657
 056 |       22.5711405 |       88.1767094
 467 |       22.4153976 |        87.978402
 053 |       22.4763997 |        88.090935
 055 |       22.4773768 |       88.0427314
 059 |       22.6660887 |       88.3994103
 061 |       22.7480214 |       88.3815621
 063 |       22.7710142 |       88.3909952
 039 |       22.7009346 |        88.436087
 581 |       23.8444334 |       87.5949543
 187 |       23.9791772 |       87.5992167
 172 |       23.8309892 |       87.4550635
 399 |       26.4612663 |       89.7188283
 344 |       23.1630064 |       88.5571795
 424 |       26.8576728 |        88.623623
 007 |       21.8845329 |       88.1909185
 687 |       21.7932881 |        88.361983
 420 |       26.8752183 |       88.8038683
 469 |       21.7710703 |       88.2364059
 362 |        23.267112 |       88.4367446
 700 |       26.7428112 |       88.5669253
 371 |       23.7376826 |       88.5266824
 368 |         23.97759 |       88.6237534
 480 |       23.8037574 |       88.4776478
 366 |       23.5268197 |       88.5621752
 369 |       23.5989425 |       88.3705341
 014 |        22.417843 |       88.6680566
 698 |       22.1690773 |       88.8017145
 776 |       22.6261575 |       88.2758935
 310 |       25.0371664 |       88.1250556
 042 |       22.6260396 |       88.3272735
 669 |        22.495615 |        88.837825
 086 |       22.8353422 |       88.8672649
 044 |       22.5949441 |         88.26689
 449 |       24.4236674 |       87.9160856
 191 |       24.2799593 |        87.839923
 052 |       22.4671976 |       87.9580161
 618 |       22.7664181 |       88.3895444
 472 |       22.2061498 |       88.7138974
 739 |       26.5052784 |       89.1222152
 727 |       22.7764525 |        88.752088
 303 |       23.4110195 |       86.1963054
 068 |       22.7384427 |       88.4625372
 067 |       22.7493775 |       88.4347755
 360 |       23.3972743 |        88.474091
 287 |       23.1899252 |       86.0536118
 136 |       23.2223417 |         87.90007
 142 |       23.2635603 |       87.8381344
 143 |       23.2150233 |         87.86326
 307 |       25.0162989 |       88.2874084
 312 |       25.0686228 |       88.1423007
 046 |       22.6171362 |       88.2514001
 137 |       23.2735683 |       87.8753333
 091 |       22.8397562 |       88.3861789
 089 |       22.9313617 |       88.4541521
 095 |       22.8617223 |       88.4295576
 665 |       22.5683418 |       88.1062202
 051 |       22.3046672 |       87.9735466
 047 |       22.6888029 |       87.9741681
 048 |       22.6567064 |        88.086513
 481 |       22.5934115 |       88.2034193
 485 |       21.7267927 |       88.1052018
 794 |       21.6885676 |       88.2430639
 536 |        22.584835 |       88.2170227
 186 |        24.166342 |       87.7860822
 345 |       23.2415161 |       88.6202908
 347 |       23.1147125 |       88.6258457
 045 |       22.5954833 |       88.2189646
 306 |       25.1454107 |       88.3726027
 180 |       23.8296419 |       87.6947579
 176 |       23.6357383 |       87.5498317
 184 |       23.6695763 |       87.6466284
 777 |       22.6014638 |       88.2316746
 183 |       23.7926908 |       87.2712904
 314 |       25.2103938 |       87.9361785
 290 |        23.044184 |       86.3600093
 178 |        23.815515 |       87.8173733
 193 |       24.1598103 |       87.7435932
 188 |       24.0750181 |       87.7298819
 174 |       23.6694967 |       87.6984283
 308 |       25.4258147 |       87.8793284
 177 |       23.9173488 |       87.5153842
 173 |       23.7435758 |       87.2808534
 201 |       23.8789113 |       87.5131477
 175 |       23.7907765 |       87.3886228
 552 |       23.9399011 |       87.3232403
 082 |       22.6907413 |       88.7626988
 659 |       23.1053647 |        86.229569
 084 |       22.6110317 |       88.6827153
 266 |       23.1997338 |       87.0405791
 264 |       23.2459935 |       87.0418758
 263 |       23.1520567 |       86.9274383
 083 |       22.6782212 |       88.8371131
 011 |       22.2436895 |       88.0934852
 010 |       22.2549588 |       88.0940746
 277 |       23.2037102 |       87.5279375
 315 |       25.1805629 |       88.0333137
 414 |       26.5702697 |       89.0343779
 412 |       26.1613963 |       89.1912969
 409 |       26.3423016 |       89.1954205
 288 |       26.2327041 |       89.5725491
 563 |        23.726355 |       87.9887533
 158 |         23.56559 |       88.0272833
 157 |       23.7125167 |       88.0456067
 410 |       26.3088978 |       89.6579634
 444 |       25.6313315 |       88.1365673
 438 |       25.6676477 |       88.2310191
 442 |       25.6289599 |       88.3383296
 305 |       25.2146843 |       88.1886413
 683 |        26.079203 |       89.5807194
 408 |       26.1132295 |       89.4672697
 257 |       22.0459625 |       88.0576066
 255 |       22.1366334 |       88.0878288
 447 |       26.3180217 |       89.7504033
 066 |       22.6988059 |       88.6883542
 276 |       23.0215515 |       87.5787678
 271 |       23.1842833 |       87.1553024
 474 |       22.9369271 |        87.587107
 001 |       22.3589639 |       88.2928315
 619 |       22.3992062 |       88.2804315
 002 |       22.4299139 |       88.1560569
 592 |       22.4494079 |         88.30152
 453 |       22.3792473 |       88.2118817
 658 |       22.3590615 |       88.1419354
 195 |         23.25365 |       88.0925183
 141 |       23.1810892 |       88.0871139
 133 |       23.2650033 |       87.9845983
 484 |       22.1024349 |       87.8645126
 274 |       23.1491633 |       87.6337083
 703 |         23.19031 |       87.6085417
 289 |        22.888141 |       86.4833459
 016 |       22.3436141 |       88.5131817
 058 |       22.7638377 |       88.3635828
 419 |       26.7960479 |        89.020487
 466 |       22.5906444 |       87.9672368
 645 |       26.8553199 |       88.7468316
 299 |       23.2723378 |       86.3538292
 302 |       23.3443596 |       86.3693099
 286 |       23.3256911 |       86.1561758
 441 |       26.0271115 |       87.9455467
 090 |        22.912913 |       88.4040137
 092 |       22.8965348 |       88.4260861
 094 |       22.8988812 |        88.410728
 675 |       24.1394903 |       87.8650665
 439 |       26.2471105 |       88.1712303
 685 |       26.4164469 |       88.3735378
 443 |        26.075015 |        88.111275
 427 |        25.390118 |       88.3976889
 430 |       25.4076069 |       88.7562855
 085 |       22.5805181 |       88.9120806
 087 |       22.4578916 |       88.9857694
 189 |       23.9644053 |       87.7485402
 755 |        21.992408 |       88.2915095
 005 |       22.0870328 |       88.2543624
 185 |       23.7831807 |       87.6010503
 190 |       24.4225826 |       87.8614325
 004 |       22.1878665 |       88.1891559
 814 |       22.2542316 |       88.1741618
 556 |       22.2724749 |       88.0977936
 279 |       22.9229083 |         87.07705
 281 |       22.9931383 |         87.13074
 501 |       26.5559334 |       88.7193538
 596 |       26.9524189 |       88.7063303
 686 |       26.2922567 |         88.24228
 553 |       23.7034052 |        87.856029
 418 |         26.53799 |       88.6463083
 513 |       26.5721135 |        88.545812
 766 |       25.2781394 |        87.882456
 159 |       23.3768679 |       88.2356671
 139 |       23.3901723 |       88.1380619
 732 |        23.911215 |         87.95192
 440 |       25.4541359 |       88.1751494
 436 |       25.8411125 |       87.9290975
 733 |       25.3700433 |         88.46053
 170 |       23.7807967 |        86.867945
 168 |         23.70542 |       86.9532017
 171 |         23.61482 |       87.1444833
 531 |       23.6173683 |        87.112865
 169 |        23.682955 |       87.0016733
 313 |       24.9812834 |       88.1401401
 331 |       24.8046959 |       87.9891612
 540 |       23.7217184 |       86.8638529
 199 |        23.805255 |       86.9191433
 197 |       23.6721817 |       86.9573033
 196 |       23.6546684 |       86.9062522
 198 |       23.7583633 |       87.0215717
 338 |       23.9689633 |         87.96413
 720 |       23.7239498 |        87.430443
 132 |       23.4934248 |       87.7475019
 131 |       23.3436333 |       87.6821567
 135 |       23.4592517 |       87.9408883
 138 |        23.220735 |       87.7723767
 140 |       23.0165733 |       87.8564117
 145 |       23.1145597 |       87.8065918
 614 |       23.5721017 |       87.6028933
 561 |        23.410925 |       87.9973833
 152 |       23.2797371 |       88.2637308
 154 |       23.4064717 |       88.3471133
 155 |       23.1690666 |       88.2600027
 150 |       23.5195167 |       88.2564717
 153 |       23.2137917 |       88.3495783
 639 |       23.6235721 |       87.3297116
 215 |       22.1811817 |       87.3874667
 227 |       21.8298868 |       87.3588134
 225 |       22.0700753 |       87.3490597
 248 |       22.0808233 |       87.7097717
 580 |       21.9677271 |       87.4154392
 212 |        22.109815 |       87.2715833
 333 |        24.115584 |       87.9969228
 780 |       22.5177989 |       88.0597757
 465 |       22.5081197 |       87.9049319
 779 |       22.5689863 |       88.0748914
 262 |       23.4061717 |       87.1017983
 259 |       23.4432522 |       87.2918659
 747 |       23.2270847 |       87.0623561
 261 |       23.3201256 |       86.9494925
 267 |       23.5115717 |       87.1330753
 539 |       22.3547475 |       88.0671814
 078 |       22.8597783 |       88.7712133
 336 |        24.107335 |       88.2344667
 134 |        23.049075 |       87.9866283
 050 |       22.5715741 |         88.01494
 514 |       25.5293196 |       88.1470273
 298 |       23.5341407 |       86.6625482
 285 |       23.4910217 |       86.5646256
 284 |       23.4927238 |       86.6647993
 149 |       23.1502827 |       88.1268852
 594 |       21.8160467 |       87.8429333
 638 |       21.7228794 |       87.6321694
 253 |       21.6829081 |       87.5620078
 280 |       23.3017315 |       87.4105599
 073 |       22.9190232 |       88.7198021
 319 |       24.3045967 |       88.3618767
 326 |       24.4072383 |       88.2541417
 684 |       22.0087125 |       87.7077375
 265 |       22.9751654 |       86.8493284
 582 |       21.8944917 |       87.7627683
 250 |       21.6321933 |       87.5213467
 476 |       22.4869876 |        87.860085
 649 |       22.2236212 |       87.9019902
 275 |       23.0490033 |       87.4394033
 652 |       22.9634667 |        87.350685
 425 |        26.430892 |       89.0574112
 559 |       22.3721469 |       87.4401576
 206 |       22.2843517 |       87.3080883
 734 |       22.8597571 |       88.6572198
 422 |       26.8773167 |       88.9201333
 074 |       22.8232696 |       88.6446075
 076 |       22.8280319 |       88.6265341
 077 |       23.1837465 |       88.8554613
 081 |       22.9788928 |       88.7824631
 229 |         22.72759 |       87.5141417
 233 |       22.7162823 |       87.6107841
 237 |       22.8090399 |       87.5836277
 207 |       22.2066733 |       86.8955317
 202 |       22.5738547 |       86.9214047
 320 |       24.0392548 |       88.4294065
 294 |       23.3650035 |       85.9844162
 318 |       24.0830833 |         88.27129
 231 |       22.8414242 |       87.3437317
 432 |       25.2857133 |       88.9367783
 210 |       22.4329337 |       87.3032063
 213 |       22.5369133 |       87.4449317
 232 |       22.7128769 |       87.1653719
 203 |       22.3014015 |       86.9102724
 208 |       22.4482384 |       87.0023973
 226 |       22.3936633 |        87.015935
 214 |         22.35962 |       87.1192317
 569 |       22.4480886 |       86.8721111
 254 |       22.0890918 |       88.1548853
 558 |       22.0284347 |       87.9755521
 239 |         22.18673 |       87.9652533
 013 |       22.1480571 |       88.4042077
 321 |       24.1442943 |       88.3767042
 323 |       24.1210049 |       88.6645854
 322 |       24.1210927 |       88.5434731
 754 |       24.1659061 |       88.4835273
 209 |        22.364935 |       87.3299633
 317 |         23.93949 |       88.2310967
 240 |       22.3598324 |       87.8922404
 723 |       22.3983885 |       87.6944983
 242 |       22.2508033 |       87.7831067
 244 |        22.287508 |       87.9171448
 251 |       21.9686643 |       87.8098147
 324 |         24.25122 |       88.2782433
 339 |       24.1830225 |       88.0937698
 690 |       26.4853419 |       89.5023986
 166 |       23.5599917 |       87.4956417
 160 |           23.477 |       87.3949923
 551 |       24.0965867 |        88.261767
 268 |       22.8819467 |         86.78118
 272 |       22.7931499 |       86.9392232
 522 |         25.34812 |       88.6291483
 337 |       23.9519238 |       88.0350283
 573 |       24.0450745 |       88.1200517
 329 |        23.871606 |       88.1872397
 724 |        24.220465 |       88.2517667
 243 |        22.044595 |       87.9029783
 328 |       23.8385632 |       88.2468676
 641 |       22.3722567 |        87.350125
 216 |       22.3380783 |       87.2593583
 205 |         22.39358 |       87.5659933
 217 |       22.2892861 |       87.5873097
 654 |       25.2881559 |       88.2949881
 655 |       25.1901227 |       88.2544069
 304 |       25.3930303 |       88.0094986
 790 |       25.4688718 |       87.9171168
 591 |       26.6953899 |         88.75803
 021 |       22.2474996 |       88.3578487
 022 |       22.2679198 |        88.451784
 012 |       22.3624778 |       88.4495885
 015 |       22.3949111 |       88.4194971
 019 |       22.3749524 |       88.4249505
 688 |       22.0814539 |       88.3789202
 667 |       22.1050508 |       88.5712329
 791 |        23.867495 |       88.0865183
 071 |        22.778278 |       88.4936999
 575 |       23.8935446 |       88.5453041
 224 |       22.3800633 |       87.2800521
 357 |       23.2375466 |       88.4917664
 228 |       22.0481859 |       87.5837091
 529 |         21.90931 |        87.528065
 359 |       23.3465063 |       88.6330003
 705 |       24.9744746 |       88.0314937
 704 |       24.9211952 |       88.0944306
 363 |       23.4173993 |       88.6911239
 367 |        23.503796 |       88.4482189
 398 |       26.5428149 |       89.1833796
 403 |       26.6836216 |       89.4372237
 370 |       23.7914205 |       88.2509473
 715 |       22.9014586 |       87.4470849
 517 |       26.2864113 |       89.4645662
 405 |       26.2940511 |       89.3209951
 633 |       21.8425017 |       87.6190367
 075 |       22.8561574 |       88.5352999
 407 |       26.3399614 |       89.4813541
 411 |       26.3445623 |       89.4506998
 426 |        25.245163 |       88.7854703
 431 |        25.310872 |       88.5698753
 162 |       23.4056198 |       87.5358967
 218 |       22.4270811 |       87.2984154
 646 |       22.4557733 |       87.3220733
 219 |       22.5716008 |       87.3296403
 570 |       22.4304583 |       87.3504067
 260 |       23.3183837 |       87.2177276
 689 |       23.5312362 |       86.9666794
 269 |       23.4350983 |       86.8957121
 278 |         22.75948 |       86.9952633
 706 |       23.0649794 |       86.8074408
 325 |        24.194875 |       88.2841483
 468 |        22.299553 |        88.269969
 756 |       21.8446857 |       88.4360348
 163 |       23.7147633 |       87.2701083
 161 |       23.6026283 |       87.1756217
 463 |       22.7832102 |        88.578756
 181 |       23.7670645 |       87.8809899
 182 |       23.6083791 |       87.8913932
 697 |       22.2541849 |       87.4731881
 252 |       21.9187533 |        87.919675
 437 |        26.359238 |       88.3151498
 211 |       22.4948085 |       87.6590968
 221 |       22.2121491 |       87.5755938
 692 |       23.1400375 |       87.8345292
 241 |       22.4069247 |       87.7411874
 482 |       22.3448383 |       87.7891333
 404 |       26.7215757 |       89.3515385
 527 |       26.6237694 |       88.4510184
 417 |       26.5042317 |         88.70763
 413 |       26.4191412 |       88.9185366
 415 |       26.3419195 |       88.7830984
 292 |       23.5984142 |       86.7599601
 712 |       23.1949722 |       86.5224828
 748 |       23.6573231 |       86.7982113
 479 |       24.2880199 |       87.9408505
 707 |       24.5168523 |       87.8521682
 518 |       26.6099462 |       89.8289107
 677 |       23.4987164 |       87.3653663
 020 |       22.4230711 |       88.5013253
 461 |        22.411386 |       88.3707163
 454 |       22.4707678 |       88.4396343
 822 |       26.3910662 |        89.391159
 340 |       24.4547412 |       88.0371649
 644 |       23.4030293 |       88.4908315
 356 |       23.3006233 |       88.5369699
 578 |       24.3683684 |       88.1136713
 341 |       24.2809567 |       88.0941017
 512 |       22.6296162 |       86.7689081
 079 |       23.0488693 |       88.8200818
 554 |       23.1912391 |       88.9493883
 334 |        24.637135 |       87.9219617
 295 |       23.4395727 |        86.696532
 296 |       23.0398065 |       86.6470124
 311 |       25.0753599 |       87.9062843
 674 |       24.4003683 |       88.0438756
 165 |       23.5470817 |        87.273675
 721 |         22.54482 |       87.2154283
 448 |       26.0828057 |       89.3148104
 736 |       23.4037369 |       86.0653157
 740 |       26.5942002 |       88.5192084
 526 |       26.3575917 |         88.90582
 309 |       24.8699965 |       88.0163693
 144 |       23.2016283 |       87.9702817
 291 |       23.6171533 |       86.4804933
 297 |        23.174145 |       86.6720067
 711 |        23.529104 |       86.8510819
 731 |       23.5772633 |       86.6135167
 293 |       23.3031969 |       86.6307488
 572 |        22.934726 |       86.5947578
 416 |       26.5370797 |       88.6854095
 640 |       22.6400396 |       88.0753307
 557 |       21.9986013 |       88.3902193
 365 |       23.6705742 |       88.1775614
 751 |       22.2975958 |       88.1687019
 400 |       26.6488126 |        89.724713
 033 |       22.4983131 |       88.5953724
 477 |       27.0289459 |       88.8742961
 660 |       27.0617966 |       88.8789759
 636 |       21.9919921 |       87.5386572
 637 |        21.961351 |       87.5903412
 676 |       22.0779485 |         87.61511
 797 |       22.3491289 |       88.8216475
 460 |       22.5783139 |       88.5318356
 509 |       22.5011499 |       88.5146777
 037 |       22.5121028 |       88.7151748
 760 |       23.2614486 |       87.8249753
 192 |       24.0608867 |       87.6197108
 018 |        22.300663 |       88.6685132
 024 |       22.4554647 |       88.3523432
 550 |       22.4341051 |       88.4005173
 025 |       22.4435748 |       88.4218459
 026 |       22.4803686 |       88.3474025
 023 |       22.4593679 |       88.3824563
 617 |       23.6807683 |       86.9921467
 428 |       25.4054042 |       88.2650711
 567 |       22.5662265 |       87.8228596
 568 |       22.6081993 |       87.6151105
 235 |       22.5570191 |       87.7248004
 234 |       22.6699188 |       87.6938887
 795 |       22.9908656 |       87.7814136
 642 |       22.3346206 |       87.5790946
 834 |       25.1891758 |       88.1790799
 845 |       24.9690164 |       88.2198682
 796 |       22.3862426 |        88.781566
 576 |        22.010275 |       87.1392334
 204 |        21.931061 |       87.3155143
 220 |       22.2110667 |       87.1361883
 768 |       22.2253679 |       87.5084702
 769 |       22.2252063 |       87.5083414
 770 |       21.9665129 |       87.4770798
 771 |       21.9665182 |       87.4770091
 374 |        27.050128 |        88.261554
 151 |        23.634265 |        88.125745
 634 |       21.8281333 |       87.6332833
 635 |        21.794819 |       87.5103144
 342 |       23.7780049 |        88.103969
 332 |       24.6223602 |       88.0062095
 335 |       24.8039903 |       87.9175442
 792 |       23.3837726 |       88.4115147
 809 |       22.7046916 |       88.4725421
 069 |       22.6936781 |       88.4840292
 256 |       22.0715312 |       88.0627068
 148 |       23.4409041 |       87.7694424
 327 |       24.2143182 |       88.5488612
 093 | 22.9484556033935 |  88.419655275778
 113 | 22.8815509997535 | 88.3790609998437
 121 | 22.8586693755467 | 88.3680581262266
 123 | 22.9079470000252 | 88.3831919999977
 125 | 22.9055390004497 | 87.7725379996022
 375 | 27.0517722164486 | 88.2743921678443
 376 | 27.0074152037093 | 88.2480473208335
 377 |      27.00862429 |       88.2554189
 378 |  27.060282116912 | 88.2487663679611
 380 | 27.0637822899979 |  88.469724168988
 382 | 26.8760030000516 | 88.2707160003842
 384 |  26.667960999657 | 88.4223210002552
 385 | 26.6942139996661 | 88.4368010002822
 387 |  26.753065999604 | 88.4458150002177
 390 | 26.7178759999644 | 88.4551980002637
 391 |  26.767683999654 | 88.3808360003996
 392 | 26.7391650001669 | 88.4361070004393
 393 | 26.7329900000114 | 88.4038699997495
 396 | 26.7115639997925 | 88.4177769996654
 038 | 22.6417123602338 | 88.4661961865642
 743 |       22.7374593 |        88.509884
 826 |       26.4183216 |        89.266861
 456 |  22.935216328818 | 88.3912245976478
 833 |       23.5286068 |       88.4154699
 098 | 22.7849195740818 | 88.3188765238337
 072 |       22.8399162 |       88.6174621
 429 |       25.5458695 |       88.3597582
 560 |       23.6991057 |       87.0920555
 065 |        22.719341 |        88.488227
 099 |       22.6732565 |        88.322969
 096 |         22.71204 |       88.2799983
 867 |       26.5171304 |       88.7351862
 878 |       26.7097546 |       89.0291887
 738 |       22.6831501 |       88.3072416
 351 |       22.9710647 |       88.4837576
 812 |       22.7212609 |       88.3393359
 898 |       25.0223758 |       88.0051886
 876 |       25.3091952 |        88.433699
 230 |       22.7340606 |       87.3438537
 886 |       22.6070711 |       88.3251566
 761 |       23.4338438 |        87.499361
 849 |       23.6601586 |       87.2281381
 850 |        23.647867 |       87.2317295
 841 |       24.0990808 |       88.2874585
 709 |        24.040073 |       87.9784419
 750 |       23.4178205 |        88.639887
 873 |       23.3374587 |       88.0816575
 835 |       23.4759535 |       88.1731866
 842 |        24.102713 |       88.2495847
 840 |        26.529106 |       89.6702959
 851 |       26.7699703 |       89.2137339
 852 |       26.6913525 |       89.2641159
 879 |       26.8429876 |       89.3766653
 035 |       22.5970748 |       88.4393117
 032 |        22.603719 |       88.4212565
 828 |       22.6554082 |       88.3249251
 549 |       22.8178737 |       88.3157842
 036 |       22.6288536 |       88.4328473
 901 |       25.7412975 |       87.9741578
 060 |       22.6973726 |        88.409778
 397 |       26.7325151 |       88.3620377
 909 |       22.3634558 |       88.3952146
 882 |       26.1322798 |        88.031444
 116 |          23.0733 |       88.2876815
 115 |       23.0379565 |        88.337022
 869 |       24.1073605 |       87.3092418
 708 |       22.5880305 |       88.4587936
 097 |       22.8132985 |       88.2374514
 889 |       23.6045662 |       88.1820292
 631 |       22.6354309 |       88.4602331
 114 |       22.9841763 |       88.3875869
 395 |       26.6223659 |       88.3598726
 519 |       26.6920058 |       88.2426738
 386 |       26.5608865 |       88.2666226
 107 |       22.8389374 |       88.0937735
 112 |       22.9669158 |       88.4035194
 533 |       22.6193311 |       88.4542778
 124 |       22.8443913 |       87.8658294
 127 |       22.9191032 |       87.6729031
 126 |       22.8411874 |       87.9758398
 787 |       22.8770138 |       87.5664565
 648 |       22.7067186 |       88.2333708
 106 |       22.7471877 |       88.0534254
 100 |       22.9626495 |       88.0292509
 511 |       22.8516486 |       88.2209112
 103 |       22.7618677 |       88.1715758
 130 |          22.7689 |       87.8007008
 128 |        22.894532 |       87.9427403
 650 |       23.0213401 |       88.1386541
 866 |       22.9090437 |       88.3382836
 887 |        23.264886 |       87.1348375
 122 |       22.9266236 |       88.2672085
 101 |       22.9367402 |       88.1501901
 475 |         23.11239 |       88.4530792
 388 |       26.6274162 |       88.1715099
 906 |       22.9379951 |       88.1922475
 455 |       22.5749562 |       88.4340318
 030 |       22.5753618 |       88.4345179
 823 |       22.8922391 |       88.4016605
 902 |       26.6864328 |        88.416261
 903 |       26.7934039 |       88.4167011
 871 |       22.7336926 |       88.3912224
 534 |       22.7318793 |       88.3856109
 383 |        26.484652 |       88.2358179
 027 |        22.592737 |       88.4134045
 028 |       22.5914029 |       88.4204377
 778 |       22.5842741 |       88.4162659
 962 |       22.5816134 |       88.4228577
 960 |       22.5871954 |       88.4306771
 959 |        22.595887 |       88.4247728
 956 |       22.5974523 |       88.4100277
 702 |       22.5919849 |       88.4062824
 955 |       22.5894602 |       88.4018195
 728 |       22.5950404 |       88.4005756
 958 |       22.5867017 |       88.4043552
 029 |       22.5703863 |       88.4130395
 905 |       22.5707958 |       88.2040865
 977 |       22.6093191 |       88.2432507
 381 |       26.8817716 |       88.1894727
 789 |       22.5756481 |       88.4321784
 799 |       26.3262781 |       89.4485469
 839 |       22.8829394 |       87.7846828
 868 |       22.0654206 |       88.1429519
 907 |       22.6646662 |        88.892185
 925 |       23.9155753 |       87.5476563
 928 |       22.9051522 |       88.4325058
 929 |        23.711585 |       86.8226483
 939 |        23.517421 |       87.3471323
 974 |       23.6388989 |       87.6798785
 978 |       24.3079556 |       87.8126754
 979 |       22.7334805 |       88.4627918
 931 |       23.4877755 |       87.3091315
 900 |        22.626994 |       88.4376897
 910 |       22.5917402 |       87.0509475
 864 |       22.1302153 |       87.4812335
 924 |       22.8078142 |       87.2347116
 846 |       21.7803225 |       87.7665859
 847 |       21.6724024 |        87.702123
 129 |       22.7114721 |       87.8462368
 987 |       22.6728408 |       88.4566097
 838 |       26.6944096 |       88.3826878
 562 |       23.5327083 |       88.1456967
 657 |       22.8385076 |         87.77376
 117 |       22.9528698 |       88.3200773
 815 |       23.5337387 |       87.9032687
 980 |       22.8366205 |       88.1389775
 379 |       27.0952835 |       88.1046559
 373 |       27.0575314 |       88.1834662
 880 |       27.1131153 |       88.1361631
 853 |       23.3051433 |       86.3439523
 478 |       26.9085635 |       88.2707776
 911 |       22.5207812 |        88.147933
 111 |       23.1025245 |       88.1764268
 110 |       23.1322852 |       88.3893601
 716 |        26.733341 |        88.403619
 875 |       22.6839973 |       86.8672902
 892 |       22.9473855 |       88.6613423
 615 |       22.3409285 |       87.2536697
 109 |       23.0245717 |       88.3538284
 993 | 26.5571890850132 | 88.9160801985088
 719 |       25.0013859 |       88.1387061
 837 |       26.6707588 |       88.3172495
 938 |        22.609234 |       88.4278141
 971 |       24.4531955 |       88.1313707
 904 |       22.9378104 |       88.1925126
 935 |       23.3129046 |       86.8565568
 934 |       23.0853951 |       87.2755815
 990 |       23.5639398 |       87.1241942


