[854, 23.5343284, 87.2967216, 23.533698867471397, 23.534957929516143, 87.2960349544922, 87.29740824550782]
[855, 23.5426944, 87.3339275, 23.54206490751136, 23.543323889475335, 87.3332408544922, 87.33461414550783]
[671, 22.9937848, 88.4046274, 22.993152708898293, 22.99441688814263, 88.40394075449217, 88.4053140455078]
[995, 24.6642107, 87.9462406, 24.663586696276376, 24.664834700602995, 87.9455539544922, 87.94692724550782]
[352, 22.9567432, 88.4512302, 22.95611093562521, 22.957375461419396, 88.45054355449219, 88.45191684550781]
[464, 26.9450303, 88.1869747, 26.944418193917365, 26.945642402758608, 88.1862880544922, 88.18766134550782]
[874, 25.3392095, 88.7271026, 25.338588915145973, 25.33983008167105, 88.72641595449215, 88.72778924550778]
[920, 27.0378239, 88.331373, 27.037212298629523, 27.038435498038623, 88.33068635449217, 88.3320596455078]
[844, 24.0747264, 87.5721277, 24.074099481364446, 24.075353315570744, 87.5714410544922, 87.57281434550782]
[848, 23.873793, 87.7416825, 23.873165102928542, 23.87442089402601, 87.74099585449221, 87.74236914550784]
[00A, 23.431383, 88.4059497, 23.43075297587001, 23.43201302112756, 88.4052630544922, 88.40663634550782]
[897, 22.0887141, 87.761871, 22.0880778509711, 22.08935034616163, 87.76118435449217, 87.7625576455078]
[870, 24.1203426, 87.6608133, 24.119715904564757, 24.120969292366073, 87.66012665449216, 87.66149994550779]
[729, 22.4361447, 87.3116426, 22.43551002836094, 22.436779368736165, 87.31095595449221, 87.31232924550784]
[00C, 23.0215482, 87.0076197, 23.02091623894306, 23.022180158095107, 87.00693305449221, 87.00830634550783]
[00H, 25.7312354, 88.1263705, 25.730616840326395, 25.73185395645528, 88.1256838544922, 88.12705714550782]
[888, 22.9716592, 87.1764456, 22.97102700536746, 22.97229139167568, 87.17575895449215, 87.17713224550778]
[922, 22.2651537, 87.8985375, 22.264518249114772, 22.26578914799983, 87.89785085449216, 87.89922414550779]
[831, 21.793553, 87.5117237, 21.79291542927086, 21.794190567892418, 87.51103705449219, 87.51241034550782]
[813, 22.1650961, 87.6753539, 22.164460195753172, 22.165732001371666, 87.67466725449219, 87.67604054550782]
[489, 22.0621342, 88.0421701, 22.061497831256784, 22.06277056587868, 88.04148345449221, 88.04285674550783]
[00K, 26.4185651, 88.2736386, 26.417950160862528, 26.419180035858584, 88.27295195449221, 88.27432524550784]
[952, 23.429959868679, 86.4869663491845, 23.429329837767316, 23.430589896588437, 86.4862797036767, 86.48765299469233]
[996, 23.3447934, 88.0387368, 23.34416296394831, 23.345423833057843, 88.03805015449217, 88.0394234455078]
[858, 23.5094095, 87.308472, 23.50877984828818, 23.510039148701793, 87.30778535449218, 87.30915864550781]
[988, 23.173539, 88.7343373, 23.172907753502354, 23.1741702435207, 88.73365065449218, 88.7350239455078]
[00O, 22.8165863, 88.4023523, 22.815953382392, 22.817219214666665, 88.4016656544922, 88.40303894550783]
[992, 25.2286846, 88.5782652, 25.22806344942755, 25.229305747399593, 88.57757855449222, 88.57895184550785]
[953, 23.6996465, 86.8698201, 23.6990177611765, 23.700275235794876, 86.86913345449216, 86.87050674550778]
[890, 26.6986478, 88.378804, 26.69803436161682, 26.699261235080158, 88.37811735449219, 88.37949064550781]
[01A, 22.9223917, 88.8037026, 22.921759275172054, 22.923024121876, 88.8030159544922, 88.80438924550782]
[784, 23.6056896, 88.5269499, 23.605060409439602, 23.606318787540978, 88.52626325449216, 88.52763654550779]
[358, 23.4018433, 88.3581117, 23.4012131351828, 23.40247346181772, 88.35742505449218, 88.35879834550781]
[916, 24.5102518, 88.028177, 24.509627028587165, 24.510876568306678, 88.02749035449222, 88.02886364550784]
[985, 24.3015892, 88.0308308, 24.30096339532875, 24.30221500158481, 88.03014415449218, 88.0315174455078]
[647, 22.7351579, 88.3406513, 22.73452460461549, 22.735791192451348, 88.33996465449218, 88.3413379455078]
[00F, 22.4150678, 88.3979813, 22.41443303200299, 22.415702565096296, 88.39729465449216, 88.39866794550778]
[921, 22.6263869, 88.4913832, 22.62575310198219, 22.627020695095656, 88.49069655449216, 88.49206984550779]
[515, 23.2460133, 87.8607824, 23.24538239579253, 23.24664420122336, 87.86009575449219, 87.86146904550782]
[899, 24.0401764, 87.9791087, 24.039549312575584, 24.04080348436294, 87.97842205449217, 87.9797953455078]
[895, 26.2345378, 89.477623, 26.23392188279477, 26.235153713942392, 89.47693635449218, 89.4783096455078]
[00M, 26.1463184, 89.3914192, 26.145702016178998, 26.14693478056585, 89.39073255449216, 89.39210584550779]
[765, 26.1703888, 89.7130653, 26.169772543348806, 26.171005053393944, 89.71237865449217, 89.7137519455078]
[883, 22.735907, 87.452632, 22.735273708085018, 22.736540288981754, 87.45194535449218, 87.4533186455078]
[00I, 22.4045019, 88.4144291, 22.403867083730805, 22.405136713369526, 88.4137424544922, 88.41511574550782]
[01I, 26.4771951, 88.8531771, 26.476580473802073, 26.477809722913936, 88.85249045449217, 88.8538637455078]
[984, 24.8013417, 88.0575433, 24.80071838385021, 24.801965013016364, 88.05685665449221, 88.05822994550783]
[836, 22.5495033, 88.5709197, 22.548869148079064, 22.55013744900652, 88.57023305449218, 88.5716063455078]
[28A, 25.462276, 87.909204, 25.461656047775367, 25.462895949030507, 87.90851735449218, 87.9098906455078]
[00R, 25.4258246, 87.8780741, 25.425204460096896, 25.426444736712273, 87.87738745449218, 87.8787607455078]
[00N, 22.6178827, 88.2867024, 22.617248862780325, 22.618516534298355, 88.28601575449215, 88.28738904550778]
[893, 22.815424, 88.7459509, 22.814791076990666, 22.81605692006809, 88.74526425449221, 88.74663754550784]
[950, 22.9310455, 86.978572, 22.930413115571863, 22.931677881475334, 86.97788535449217, 86.9792586455078]
[01S, 26.305465, 89.6009798, 26.304849459006466, 26.306080537724494, 89.60029315449219, 89.60166644550782]
[930, 23.6615887, 87.0655117, 23.66095977799399, 23.662217618981103, 87.06482505449219, 87.06619834550781]
[908, 23.0749524, 88.0857051, 23.07432068950745, 23.075584107525394, 88.08501845449217, 88.0863917455078]
[622, 22.5780697, 88.4607577, 22.57743567943987, 22.578703717642874, 88.46007105449218, 88.4614443455078]
[624, 22.5782452, 88.4844627, 22.577611180247377, 22.578879216835315, 88.48377605449218, 88.4851493455078]
[577, 22.5841017, 88.4484319, 22.583467707197787, 22.584735689884305, 88.44774525449219, 88.44911854550782]
[819, 22.5641184, 88.5140116, 22.563484315266003, 22.56475248181813, 88.51332495449219, 88.51469824550782]
[821, 22.5563838, 88.5024764, 22.555749679704213, 22.557017917380705, 88.50178975449217, 88.50316304550779]
[818, 22.5622576, 88.4887794, 22.561623506709452, 22.562891690374887, 88.48809275449219, 88.48946604550781]
[632, 22.5915277, 88.4793648, 22.590893741380235, 22.592161655701084, 88.47867815449217, 88.4800514455078]
[625, 22.6113999, 88.4736947, 22.610766032905897, 22.612033764173415, 88.4730080544922, 88.47438134550782]
[626, 22.6258964, 88.4655168, 22.625262599720745, 22.626530197357138, 88.46483015449218, 88.4662034455078]
[627, 22.6280682, 88.4595165, 22.62743440973412, 22.628701987343543, 88.4588298544922, 88.46020314550782]
[630, 22.5669355, 88.4954504, 22.566301428221198, 22.567569568862634, 88.49476375449217, 88.4961370455078]
[01U, 23.9850007, 88.2405913, 23.98437334349579, 23.985628053448, 88.2399046544922, 88.24127794550782]
[01L, 22.9627616, 87.4783182, 22.962129363760106, 22.963393833283938, 87.47763155449218, 87.4790048455078]
[00L, 22.5568748, 87.4073838, 22.55624068196137, 22.557508915123503, 87.40669715449218, 87.4080704455078]
[00Y, 25.4562344, 88.6102023, 25.455614416651454, 25.45685438015499, 88.60951565449216, 88.61088894550778]
[764, 22.5815799, 88.4920095, 22.58094589559217, 22.58221390149018, 88.49132285449218, 88.49269614550781]
[763, 22.6019721, 88.4775067, 22.60133818947466, 22.60260600760564, 88.47682005449218, 88.4781933455078]
[00D, 25.4310541, 88.0867052, 25.430433987006776, 25.431674209801933, 88.08601855449217, 88.0873918455078]
[623, 22.5790708307229, 88.4800964221358, 22.578436814769276, 22.579704843759167, 88.47940977662802, 88.48078306764364]
[629, 22.5707996033712, 88.5161248594522, 22.57016554936503, 22.571433654460815, 88.51543821394438, 88.51681150496]
[827, 22.5715568730353, 88.5068977251649, 22.570922822512486, 22.572190920641518, 88.50621107965708, 88.5075843706727]
[972, 24.3266386, 88.303258, 24.326012918930587, 24.32726427798058, 88.30257135449222, 88.30394464550784]
[01V, 26.9761011, 88.2739153, 26.975489162735325, 26.976713033938037, 88.27322865449219, 88.27460194550781]
[00P, 23.2014428, 87.8371317, 23.20081168517016, 23.202073911850107, 87.83644505449217, 87.8378183455078]
[01W, 23.127999, 87.8501649, 23.127367538937364, 23.128630458090228, 87.84947825449217, 87.8508515455078]
[775, 24.0151558, 88.6649291, 24.014528590483515, 24.015783006457376, 88.66424245449218, 88.66561574550781]
[535, 22.5812477617325, 88.4306794032455, 22.58061375579624, 22.581881764751177, 88.4299927577377, 88.43136604875332]
[00W, 22.5756835, 87.5985894, 22.575049468461028, 22.5763175286219, 87.59790275449217, 87.59927604550779]
[884, 22.788421, 87.1140465, 22.7877879515781, 22.789054045483404, 87.11335985449216, 87.11473314550778]
[937, 26.9446511, 88.3587894, 26.94403899185818, 26.945263204817866, 88.35810275449217, 88.35947604550779]
[954, 23.4704943, 87.448281, 23.4698644624011, 23.471124134592703, 87.4475943544922, 87.44896764550782]
[991, 25.050097, 88.135008, 25.049474940217873, 25.050719056625695, 88.13432135449216, 88.13569464550778]
[891, 22.4387356, 88.5702441, 22.4381009402118, 22.439370256885095, 88.56955745449216, 88.57093074550778]
[00S, 22.1775031, 88.4271292, 22.176867251864067, 22.17813894525951, 88.42644255449216, 88.42781584550778]
[865, 22.3455023, 87.1785756, 22.344867214577754, 22.346137382528603, 87.17788895449218, 87.1792622455078]
[948, 22.8495476, 87.3090086, 22.848914835675213, 22.850180361380154, 87.30832195449216, 87.30969524550778]
[767, 22.2056178, 87.2601145, 22.204982079123653, 22.206253517997023, 87.25942785449217, 87.2608011455078]
[982, 22.5804100560041, 88.4974020346999, 22.579776046212935, 22.581044062877748, 88.4967153891921, 88.49808868020773]
[762, 22.5646363, 88.5182472, 22.564002217647584, 22.565270379436477, 88.5175605544922, 88.51893384550783]
[621, 22.5826364969626, 88.4616679698229, 22.582002497417193, 22.583270493590252, 88.46098132431507, 88.4623546153307]
[781, 22.575788, 87.5987138, 22.575153968941812, 22.57642202814112, 87.59802715449217, 87.5994004455078]
[973, 25.2868383, 88.2944097, 25.286217446797533, 25.28745915002429, 88.2937230544922, 88.29509634550783]
[524, 26.488481, 88.3145015, 26.48786643411481, 26.48909556260022, 88.3138148544922, 88.31518814550782]
[694, 23.0115079, 87.7724352, 23.01087589189681, 23.01213990514237, 87.7717485544922, 87.77312184550783]
[00Q, 27.1450574, 88.6046297, 27.1444463838795, 27.14566841277961, 88.60394305449222, 88.60531634550784]
[01R, 23.7306704, 88.4408259, 23.730041810708194, 23.73129898626017, 88.44013925449218, 88.4415125455078]
[966, 22.5761345, 88.4168667, 22.57550047053598, 22.57676852654693, 88.4161800544922, 88.41755334550783]
[01E, 26.705490378598, 88.4359583258629, 26.704876977062668, 26.7061037768297, 88.43527168035507, 88.4366449713707]
[01J, 22.5629034, 88.1797688, 22.56226930967896, 22.563537487405284, 88.17908215449222, 88.18045544550785]
[02J, 26.7095771, 88.3381202, 26.70896372047618, 26.710190476219843, 88.33743355449218, 88.3388068455078]
[02I, 26.7269921, 88.4292119, 26.726378814310166, 26.727605382384343, 88.42852525449217, 88.4298985455078]
[02L, 27.0447678394522, 88.5346468538046, 27.044156275914915, 27.045379399657033, 88.53396020829678, 88.5353334993124]
[00G, 23.6182962, 87.8173304, 23.617667069952837, 23.618925327026535, 87.81664375449219, 87.81801704550782]
[830, 23.2517302, 88.53463, 23.251099322835934, 23.25236107417938, 88.53394335449218, 88.5353166455078]
[03I, 22.5833005, 88.1923127, 22.582666503510453, 22.58393449357175, 88.19162605449219, 88.19299934550781]
[64A, 26.7056303, 88.4357719, 26.705016899218244, 26.706243697478104, 88.43508525449221, 88.43645854550783]
[951, 26.8808658, 88.2785231, 26.880253345860137, 26.881478250821285, 88.27783645449222, 88.27920974550784]
[793, 23.3848939, 88.7527502, 23.384263654534372, 23.385524142467805, 88.75206355449217, 88.75343684550779]
[967, 22.5739277, 88.4352982, 22.573293660383378, 22.574561736699767, 88.43461155449222, 88.43598484550785]
[968, 22.5725315, 88.4360851, 22.571897453960485, 22.573165543122787, 88.4353984544922, 88.43677174550783]
[961, 22.5824761, 88.4255037, 22.581842099716447, 22.583110097365815, 88.42481705449217, 88.42619034550779]
[963, 22.5751829, 88.4076152, 22.574548866157947, 22.575816930925072, 88.4069285544922, 88.40830184550782]
[969, 22.5704931, 88.4362017, 22.56985904458401, 22.57112715249951, 88.43551505449216, 88.43688834550778]
[970, 22.5684621, 88.4333204, 22.567828035242343, 22.56909616184137, 88.4326337544922, 88.43400704550783]
[01M, 26.1211542, 89.3023797, 26.1205376833467, 26.12177071340036, 89.3016930544922, 89.30306634550783]
[936, 25.376927, 88.0503938, 25.376306608730513, 25.377547388083123, 88.04970715449218, 88.05108044550781]
[01K, 22.8664554, 88.3514574, 22.86582271438449, 22.867088082669177, 88.3507707544922, 88.35214404550783]
[741, 23.9548899, 88.0386882, 23.95426239689741, 23.955517400049306, 88.03800155449221, 88.03937484550784]
[03D, 23.9833763, 88.2498845, 23.98274893558275, 23.984003661361196, 88.2491978544922, 88.25057114550782]
[537, 22.2980671, 88.0604329, 22.297431798669244, 22.298702398442007, 88.05974625449221, 88.06111954550784]
[989, 24.2553906, 88.3731289, 24.25476456768366, 24.256016629234278, 88.37244225449217, 88.3738155455078]
[926, 22.6003127, 88.5350478, 22.599678781832054, 22.600946615248436, 88.53436115449222, 88.53573444550784]
[643, 22.0352917177839, 87.4264821410179, 22.034655228282702, 22.03592820442332, 87.4257954955101, 87.42716878652573]
[01O, 23.1934915, 87.4135008, 23.192860347635648, 23.19412264938543, 87.4128141544922, 87.41418744550782]
[02E, 23.5453057, 87.3198811, 23.544676220011894, 23.54593517697457, 87.31919445449216, 87.32056774550779]
[555, 22.7000379, 88.3830886, 22.69940444207558, 22.700671354994817, 88.3824019544922, 88.38377524550782]
[949, 22.1004819, 87.4470002, 22.099845704016317, 22.101118093115208, 87.44631355449218, 87.4476868455078]
[656, 21.825343, 87.3672867, 21.824705570810696, 21.825980426349272, 87.36660005449221, 87.36797334550783]
[541, 23.727035, 86.8494885, 23.726406393176447, 23.72766360379228, 86.8488018544922, 86.85017514550782]
[543, 23.7107121, 86.8897295, 23.710083414490295, 23.711340782480004, 86.88904285449217, 86.8904161455078]
[965, 22.5749667, 88.4204143, 22.574332665163286, 22.575600731919767, 88.41972765449219, 88.42110094550782]
[964, 22.5639874, 88.4119911, 22.563353314663587, 22.564621482420534, 88.41130445449221, 88.41267774550784]
[02X, 22.6236569955896, 88.460563570261, 22.6230231849862, 22.624290803271116, 88.45987692475319, 88.46125021576881]
[02M, 22.7146032, 88.4791771, 22.71396980945678, 22.715236587612115, 88.4784904544922, 88.47986374550783]
[02W, 26.6522206, 88.4399709, 26.65160691183355, 26.652834284867385, 88.43928425449218, 88.4406575455078]
[03F, 22.7025284, 88.4186199, 22.7018949535941, 22.70316184347605, 88.4179332544922, 88.41930654550782]
[03J, 26.0436216, 87.8887414, 26.04300467482922, 26.044238521924697, 87.8880547544922, 87.88942804550783]
[02P, 22.1602756, 87.0640896, 22.159639673960413, 22.160911523164927, 87.06340295449218, 87.0647762455078]
[02S, 26.4931016, 89.5408383, 26.492487058814554, 26.4937161379001, 89.5401516544922, 89.54152494550783]
[02Y, 22.7084024986237, 88.2834308221936, 22.707769079390122, 22.709035914926805, 88.28274417668581, 88.28411746770144]
[03M, 22.6500232, 88.3017111, 22.649389511011876, 22.650656886063572, 88.30102445449222, 88.30239774550785]
[03Z, 26.4854079, 89.3907195, 26.484793317689572, 26.48602247902575, 89.39003285449218, 89.3914061455078]
[03U, 22.2175458, 88.1227186, 22.21691013316133, 22.218181463958153, 88.12203195449217, 88.1234052455078]
[03Y, 26.4731389, 89.7892421, 26.472524252131254, 26.473753544585126, 89.78855545449221, 89.78992874550784]
[02U, 22.6236567, 88.460581, 22.623022889395244, 22.62429050768286, 88.45989435449218, 88.4612676455078]
[03O, 21.998157, 88.222714, 21.997520343668807, 21.99879365347325, 88.22202735449218, 88.22340064550781]
[04F, 25.2137022, 88.9007116, 25.213080972918416, 25.214323423910063, 88.90002495449221, 88.90139824550783]
[04A, 21.8023352, 87.6592436, 21.801697668352542, 21.802972728809774, 87.65855695449216, 87.65993024550778]
[02R, 22.5696981, 88.1344981, 22.56906404092726, 22.570332156156322, 88.13381145449216, 88.13518474550779]
[04B, 25.3414786422696, 88.1633133567602, 25.340858069054317, 25.34209921230171, 88.16262671125241, 88.16400000226804]
[04T, 26.4106938, 89.502237, 26.410078818898228, 26.41130877782357, 89.50155035449217, 89.50292364550779]
[04X, 25.5031519811072, 88.4895939265997, 25.50253223964048, 25.503771719376118, 88.48890728109188, 88.49028057210751]
[03W, 26.0220902, 89.5288988, 26.021473161581152, 26.02270723517465, 89.52821215449217, 89.52958544550779]
[04Q, 23.157135, 87.31467, 23.156503676167755, 23.157766320856933, 87.31398335449217, 87.31535664550779]
[04K, 22.6860811, 88.5897203, 22.68544757754776, 22.68671461952403, 88.5890336544922, 88.59040694550782]
[04M, 22.6000032, 88.2280274, 22.599369280406645, 22.600637116673838, 88.22734075449216, 88.22871404550779]
[04N, 22.6321875, 88.223974, 22.63155372872925, 22.632821268348, 88.22328735449219, 88.22466064550781]
[02H, 25.5911667, 88.1285717, 25.590547413410725, 25.591785983383513, 88.1278850544922, 88.12925834550782]
[03E, 23.6970047, 87.1244929, 23.696375948451855, 23.697633448519806, 87.1238062544922, 87.12517954550782]
[03T, 23.6103113, 87.2272182, 23.609682131620765, 23.610940465359317, 87.22653155449217, 87.2279048455078]
[02A, 22.442132, 88.2974115, 22.441497355748965, 22.442766641347568, 88.2967248544922, 88.29809814550782]
[04L, 22.6081572, 88.4569801, 22.60752331796577, 22.608791079113928, 88.4562934544922, 88.45766674550782]
[05E, 26.3958753, 89.8574803, 26.395260239927783, 26.396490356795322, 89.85679365449221, 89.85816694550783]
[820, 22.543016, 88.518857, 22.54238181826961, 22.543650178816684, 88.51817035449221, 88.51954364550784]
[01Z, 22.5019366396693, 88.5478641092777, 22.50130226936588, 22.502571007063175, 88.54717746376991, 88.54855075478554]
[05A, 24.2420263, 87.8882436, 24.241400201906544, 24.242652395012673, 87.8875569544922, 87.88893024550782]
[04R, 23.0912351, 87.6862446, 23.090603466012574, 23.091866731018623, 87.6855579544922, 87.68693124550782]
[05L, 22.6470108, 87.7398947, 22.646377097110275, 22.647644499965487, 87.73920805449217, 87.74058134550779]
[034, 22.6691083, 88.4376433, 22.66847469912648, 22.669741897947056, 88.43695665449218, 88.4383299455078]
[043, 22.6095242, 88.305142, 22.608890324263715, 22.610158072815818, 88.30445535449218, 88.3058286455078]
[041, 22.6361746, 88.3023229, 22.63554084711786, 22.63680834995895, 88.30163625449217, 88.30300954550779]
[003, 22.2138064, 88.280144, 22.213170716217668, 22.214442080902163, 88.2794573544922, 88.28083064550782]
[006, 22.2749306, 88.2214642, 22.274295193517908, 22.27556600359567, 88.2207775544922, 88.22215084550783]
[349, 22.9563122, 88.5726648, 22.955679933610625, 22.956944463434027, 88.57197815449217, 88.5733514455078]
[346, 23.0819334, 88.5460281, 23.08130172230178, 23.082565074730343, 88.54534145449219, 88.54671474550781]
[350, 22.9798253, 88.4480356, 22.97919314356755, 22.98045745347473, 88.44734895449221, 88.44872224550784]
[510, 23.0271667, 88.587623, 23.02653476527836, 23.027798631759225, 88.5869363544922, 88.58830964550782]
[348, 22.9576289, 88.5230074, 22.95699663976526, 22.958261157279278, 88.52232075449217, 88.5236940455078]
[462, 22.4917817, 88.5181283, 22.491147283131045, 22.492416113960434, 88.51744165449219, 88.51881494550781]
[054, 22.5630954, 88.1593902, 22.562461310561826, 22.563729486522384, 88.1587035544922, 88.16007684550783]
[538, 22.571193, 88.1758657, 22.57055894780341, 22.571827049280042, 88.17517905449222, 88.17655234550784]
[056, 22.5711405, 88.1767094, 22.570506447561893, 22.57177454952151, 88.17602275449218, 88.1773960455078]
[467, 22.4153976, 87.978402, 22.41476283351007, 22.416032363589174, 87.9777153544922, 87.97908864550783]
[053, 22.4763997, 88.090935, 22.47576521263474, 22.477034184458304, 88.09024835449219, 88.09162164550781]
[055, 22.4773768, 88.0427314, 22.476742317111476, 22.478011279981487, 88.04204475449217, 88.04341804550779]
[059, 22.6660887, 88.3994103, 22.6654550851805, 22.66672231189331, 88.39872365449219, 88.40009694550781]
[061, 22.7480214, 88.3815621, 22.74738816420898, 22.748654632856592, 88.38087545449218, 88.38224874550781]
[063, 22.7710142, 88.3909952, 22.770381070808586, 22.77164732625466, 88.39030855449221, 88.39168184550783]
[039, 22.7009346, 88.436087, 22.700301146222653, 22.701568050847637, 88.43540035449217, 88.4367736455078]
[581, 23.8444334, 87.5949543, 23.84380536060965, 23.84506143634772, 87.59426765449217, 87.5956409455078]
[187, 23.9791772, 87.5992167, 23.978549815129806, 23.979804581814584, 87.59853005449219, 87.59990334550781]
[172, 23.8309892, 87.4550635, 23.83036109549473, 23.831617301463908, 87.45437685449218, 87.4557501455078]
[399, 26.4612663, 89.7188283, 26.46065158871787, 26.461881007999477, 89.71814165449217, 89.7195149455078]
[344, 23.1630064, 88.5571795, 23.162375103841786, 23.16363769318232, 88.5564928544922, 88.55786614550783]
[424, 26.8576728, 88.623623, 26.857060220239802, 26.858285376443582, 88.6229363544922, 88.62430964550782]
[007, 21.8845329, 88.1909185, 21.883895734866936, 21.885170062286864, 88.1902318544922, 88.19160514550782]
[687, 21.7932881, 88.361983, 21.792650528092267, 21.793925669071054, 88.3612963544922, 88.36266964550782]
[420, 26.8752183, 88.8038683, 26.87460581526232, 26.875830781419587, 88.80318165449216, 88.80455494550779]
[469, 21.7710703, 88.2364059, 21.770432629288724, 21.771707967876846, 88.23571925449221, 88.23709254550783]
[362, 23.267112, 88.4367446, 23.266481195629716, 23.267742801384106, 88.43605795449218, 88.43743124550781]
[700, 26.7428112, 88.5669253, 26.742197999594396, 26.74342439709879, 88.56623865449217, 88.56761194550779]
[371, 23.7376826, 88.5266824, 23.737054044531764, 23.738311152435962, 88.52599575449221, 88.52736904550784]
[368, 23.97759, 88.6237534, 23.97696260739975, 23.978217389544763, 88.62306675449219, 88.62444004550781]
[480, 23.8037574, 88.4776478, 23.803129163707705, 23.804385633253595, 88.47696115449219, 88.47833444550781]
[366, 23.5268197, 88.5621752, 23.52619013154593, 23.527449265442364, 88.5614885544922, 88.56286184550783]
[369, 23.5989425, 88.3705341, 23.598313277065188, 23.59957171991601, 88.36984745449217, 88.3712207455078]
[014, 22.417843, 88.6680566, 22.417208244685558, 22.41847775241345, 88.66736995449219, 88.66874324550781]
[698, 22.1690773, 88.8017145, 22.16844141375497, 22.169713183369453, 88.80102785449219, 88.80240114550782]
[776, 22.6261575, 88.2758935, 22.625523700924532, 22.62679129615332, 88.27520685449218, 88.27658014550781]
[310, 25.0371664, 88.1250556, 25.03654427462124, 25.037788522223497, 88.12436895449218, 88.12574224550781]
[042, 22.6260396, 88.3272735, 22.625405800380957, 22.626673396696905, 88.32658685449218, 88.3279601455078]
[669, 22.495615, 88.837825, 22.494980600706317, 22.496249396384776, 88.8371383544922, 88.83851164550782]
[086, 22.8353422, 88.8672649, 22.83470936958873, 22.83597502746801, 88.8665782544922, 88.86795154550782]
[044, 22.5949441, 88.26689, 22.594310157109806, 22.59557803997125, 88.26620335449218, 88.2675766455078]
[449, 24.4236674, 87.9160856, 24.423042198830668, 24.4242925980713, 87.91539895449216, 87.91677224550779]
[191, 24.2799593, 87.839923, 24.27933338869605, 24.280585208219538, 87.83923635449219, 87.84060964550781]
[052, 22.4671976, 87.9580161, 22.466563070483023, 22.467832126610965, 87.9573294544922, 87.95870274550782]
[618, 22.7664181, 88.3895444, 22.765784949491927, 22.7670512475718, 88.38885775449216, 88.39023104550779]
[472, 22.2061498, 88.7138974, 22.205514081533188, 22.206785515587416, 88.7132107544922, 88.71458404550782]
[739, 26.5052784, 89.1222152, 26.5046639239256, 26.50589287278798, 89.12152855449222, 89.12290184550784]
[727, 22.7764525, 88.752088, 22.775819396036642, 22.77708560102607, 88.7514013544922, 88.75277464550783]
[303, 23.4110195, 86.1963054, 23.410389378867887, 23.411649618131722, 86.19561875449222, 86.19699204550784]
[068, 22.7384427, 88.4625372, 22.73780941983017, 22.739075977236396, 88.46185055449217, 88.4632238455078]
[067, 22.7493775, 88.4347755, 22.748744270493333, 22.750010726572096, 88.43408885449219, 88.43546214550781]
[360, 23.3972743, 88.474091, 23.39664411343721, 23.39790448356375, 88.47340435449217, 88.4747776455078]
[287, 23.1899252, 86.0536118, 23.18929403080468, 23.19055636621673, 86.05292515449219, 86.05429844550781]
[136, 23.2223417, 87.90007, 23.221710683882467, 23.222972713135743, 87.89938335449222, 87.90075664550784]
[142, 23.2635603, 87.8381344, 23.262929478817384, 23.264191118196756, 87.83744775449219, 87.83882104550781]
[143, 23.2150233, 87.86326, 23.214392249305725, 23.215654347713198, 87.86257335449216, 87.86394664550778]
[307, 25.0162989, 88.2874084, 25.01567666882773, 25.016921128018897, 88.28672175449219, 88.28809504550782]
[312, 25.0686228, 88.1423007, 25.068000834253997, 25.069244762587818, 88.14161405449221, 88.14298734550783]
[046, 22.6171362, 88.2514001, 22.61650235933985, 22.617770037738914, 88.2507134544922, 88.25208674550782]
[137, 23.2735683, 87.8753333, 23.27293752619743, 23.274199070815726, 87.87464665449215, 87.87601994550778]
[091, 22.8397562, 88.3861789, 22.839123390119436, 22.840389006936928, 88.38549225449219, 88.38686554550782]
[089, 22.9313617, 88.4541521, 22.930729317048282, 22.93199407999885, 88.45346545449218, 88.4548387455078]
[095, 22.8617223, 88.4295576, 22.861089592345387, 22.86235500470876, 88.4288709544922, 88.43024424550782]
[665, 22.5683418, 88.1062202, 22.567707734689023, 22.568975862394655, 88.10553355449218, 88.10690684550781]
[051, 22.3046672, 87.9735466, 22.304031928684516, 22.305302468426035, 87.97285995449221, 87.97423324550783]
[047, 22.6888029, 87.9741681, 22.688169390128778, 22.68943640694274, 87.97348145449217, 87.9748547455078]
[048, 22.6567064, 88.086513, 22.65607274185976, 22.657340055215013, 88.08582635449216, 88.08719964550778]
[481, 22.5934115, 88.2034193, 22.592777550053224, 22.594045447027945, 88.2027326544922, 88.20410594550782]
[485, 21.7267927, 88.1052018, 21.726154832670346, 21.72743056449986, 88.10451515449222, 88.10588844550784]
[794, 21.6885676, 88.2430639, 21.68792956323499, 21.689205633939245, 88.24237725449217, 88.2437505455078]
[536, 22.584835, 88.2170227, 22.584201010572766, 22.58546898650928, 88.21633605449222, 88.21770934550784]
[186, 24.166342, 87.7860822, 24.165715530042323, 24.166968466884104, 87.7853955544922, 87.78676884550782]
[345, 23.2415161, 88.6202908, 23.240885174523232, 23.24214702249307, 88.61960415449221, 88.62097744550783]
[347, 23.1147125, 88.6258457, 23.114080976412207, 23.115344020616668, 88.6251590544922, 88.62653234550783]
[045, 22.5954833, 88.2189646, 22.594849359592544, 22.596117237488436, 88.21827795449218, 88.2196512455078]
[306, 25.1454107, 88.3726027, 25.144789124719246, 25.146032272115523, 88.3719160544922, 88.37328934550783]
[180, 23.8296419, 87.6947579, 23.82901378897121, 23.83027000798758, 87.6940712544922, 87.69544454550783]
[176, 23.6357383, 87.5498317, 23.63510925372725, 23.63636734325037, 87.54914505449221, 87.55051834550784]
[184, 23.6695763, 87.6466284, 23.66894741641746, 23.670205180556856, 87.64594175449218, 87.64731504550781]
[777, 22.6014638, 88.2316746, 22.600829887133568, 22.60209770994682, 88.2309879544922, 88.23236124550783]
[183, 23.7926908, 87.2712904, 23.79206251019197, 23.79331908677042, 87.27060375449219, 87.27197704550781]
[314, 25.2103938, 87.9361785, 25.209772556029463, 25.21101504079931, 87.93549185449217, 87.9368651455078]
[290, 23.044184, 86.3600093, 23.043552145079758, 23.04481585195613, 86.35932265449219, 86.36069594550781]
[178, 23.815515, 87.8173733, 23.81488682059067, 23.816143176369508, 87.81668665449217, 87.8180599455078]
[193, 24.1598103, 87.7435932, 24.159183798000967, 24.1604367989261, 87.74290655449221, 87.74427984550783]
[188, 24.0750181, 87.7298819, 24.07439118279048, 24.0756450141447, 87.7291952544922, 87.73056854550782]
[174, 23.6694967, 87.6984283, 23.668867816034503, 23.670125580939818, 87.69774165449218, 87.6991149455078]
[308, 25.4258147, 87.8793284, 25.42519456004597, 25.426434836763217, 87.87864175449221, 87.88001504550783]
[177, 23.9173488, 87.5153842, 23.916721114366347, 23.917976482583967, 87.51469755449216, 87.51607084550778]
[173, 23.7435758, 87.2808534, 23.74294727296504, 23.744204324002066, 87.2801667544922, 87.28154004550782]
[201, 23.8789113, 87.5131477, 23.878283427756063, 23.879539169197976, 87.51246105449218, 87.5138343455078]
[175, 23.7907765, 87.3886228, 23.79014820093719, 23.791404796025372, 87.3879361544922, 87.38930944550782]
[552, 23.9399011, 87.3232403, 23.93927352398708, 23.940528672961108, 87.3225536544922, 87.32392694550782]
[082, 22.6907413, 88.7626988, 22.690107799089546, 22.691374797981794, 88.7620121544922, 88.76338544550782]
[659, 23.1053647, 86.229569, 23.10473313244259, 23.105996264587183, 86.22888235449216, 86.23025564550778]
[084, 22.6110317, 88.6827153, 22.610397831209408, 22.61166556587, 88.68202865449217, 88.6834019455078]
[266, 23.1997338, 87.0405791, 23.199102677101713, 23.20036491991873, 87.03989245449219, 87.04126574550781]
[264, 23.2459935, 87.0418758, 23.245362595698882, 23.246624401316996, 87.0411891544922, 87.04256244550783]
[263, 23.1520567, 86.9274383, 23.15142535223724, 23.152688044787933, 86.9267516544922, 86.92812494550782]
[083, 22.6782212, 88.8371131, 22.677587641224886, 22.67885475584768, 88.8364264544922, 88.83779974550782]
[011, 22.2436895, 88.0934852, 22.24305395169702, 22.244325045419753, 88.09279855449222, 88.09417184550784]
[010, 22.2549588, 88.0940746, 22.25432330283293, 22.255594294282723, 88.09338795449219, 88.09476124550781]
[277, 23.2037102, 87.5279375, 23.203079095875776, 23.204341301144282, 87.5272508544922, 87.52862414550782]
[315, 25.1805629, 88.0333137, 25.179941503840197, 25.18118429299136, 88.0326270544922, 88.03400034550782]
[414, 26.5702697, 89.0343779, 26.56965557191251, 26.570883824795494, 89.03369125449217, 89.0350645455078]
[412, 26.1613963, 89.1912969, 26.160779995826495, 26.162012600917027, 89.19061025449219, 89.19198354550781]
[409, 26.3423016, 89.1954205, 26.341686254767158, 26.34291694196056, 89.1947338544922, 89.19610714550782]
[288, 26.2327041, 89.5725491, 26.23208817308097, 26.233320023656326, 89.57186245449219, 89.57323574550782]
[563, 23.726355, 87.9887533, 23.72572638989743, 23.72698360707138, 87.98806665449217, 87.9894399455078]
[158, 23.56559, 88.0272833, 23.564960617159155, 23.566219379825334, 88.02659665449221, 88.02796994550783]
[157, 23.7125167, 88.0456067, 23.71188802318706, 23.71314537378311, 88.0449200544922, 88.04629334550782]
[410, 26.3088978, 89.6579634, 26.308282277238607, 26.309513319491984, 89.65727675449216, 89.65865004550778]
[444, 25.6313315, 88.1365673, 25.630712421476026, 25.631950575314608, 88.13588065449221, 88.13725394550784]
[438, 25.6676477, 88.2310191, 25.667028809866352, 25.668266586921018, 88.23033245449221, 88.23170574550784]
[442, 25.6289599, 88.3383296, 25.628340809181996, 25.629578987608845, 88.3376429544922, 88.33901624550782]
[305, 25.2146843, 88.1886413, 25.21406307793231, 25.215305518896084, 88.18795465449216, 88.18932794550778]
[683, 26.079203, 89.5807194, 26.07858626216659, 26.07981973458419, 89.58003275449221, 89.58140604550783]
[408, 26.1132295, 89.4672697, 26.11261294153984, 26.113846055207944, 89.46658305449216, 89.46795634550779]
[257, 22.0459625, 88.0576066, 22.0453260584874, 22.04659893864973, 88.05691995449217, 88.0582932455078]
[255, 22.1366334, 88.0878288, 22.13599736714275, 22.137269429985025, 88.0871421544922, 88.08851544550782]
[447, 26.3180217, 89.7504033, 26.31740622570793, 26.318637171021912, 89.7497166544922, 89.75108994550783]
[066, 22.6988059, 88.6883542, 22.698172436378037, 22.699439360692473, 88.68766755449218, 88.6890408455078]
[276, 23.0215515, 87.5787678, 23.020919538958523, 23.022183458079635, 87.57808115449217, 87.57945444550779]
[271, 23.1842833, 87.1553024, 23.18365210418305, 23.18491449283894, 87.15461575449217, 87.1559890455078]
[474, 22.9369271, 87.587107, 22.93629474303801, 22.937559454008575, 87.58642035449219, 87.58779364550782]
[001, 22.3589639, 88.2928315, 22.358328875929583, 22.359598921175415, 88.29214485449222, 88.29351814550785]
[619, 22.3992062, 88.2804315, 22.398571359544604, 22.399841037556254, 88.27974485449221, 88.28111814550783]
[002, 22.4299139, 88.1560569, 22.429279199866446, 22.430548597231304, 88.1553702544922, 88.15674354550782]
[592, 22.4494079, 88.30152, 22.448773289040787, 22.450042508054974, 88.30083335449217, 88.3022066455078]
[453, 22.3792473, 88.2118817, 22.378612368438276, 22.37988222866469, 88.21119505449218, 88.2125683455078]
[658, 22.3590615, 88.1419354, 22.35842647637453, 22.359696520730456, 88.14124875449215, 88.14262204550778]
[195, 23.25365, 88.0925183, 23.25301913191885, 23.254280865096295, 88.09183165449218, 88.09320494550781]
[141, 23.1810892, 88.0871139, 23.180457989114213, 23.1817204079081, 88.08642725449221, 88.08780054550783]
[133, 23.2650033, 87.9845983, 23.264372485647662, 23.26563411136632, 87.9839116544922, 87.98528494550783]
[484, 22.1024349, 87.8645126, 22.10179871282236, 22.103071084308944, 87.8638259544922, 87.86519924550782]
[274, 23.1491633, 87.6337083, 23.14853193860485, 23.149794658420575, 87.63302165449215, 87.63439494550778]
[703, 23.19031, 87.6085417, 23.189678832620622, 23.190941164400783, 87.60785505449218, 87.6092283455078]
[289, 22.888141, 86.4833459, 22.88750841541606, 22.888773581635437, 86.4826592544922, 86.48403254550783]
[016, 22.3436141, 88.5131817, 22.342979005975014, 22.344249191131553, 88.5124950544922, 88.51386834550783]
[058, 22.7638377, 88.3635828, 22.763204537525837, 22.76447085953814, 88.3628961544922, 88.36426944550783]
[419, 26.7960479, 89.020487, 26.795434986948372, 26.79666080974029, 89.01980035449219, 89.02117364550782]
[466, 22.5906444, 87.9672368, 22.59001043731378, 22.591278359767635, 87.96655015449221, 87.96792344550784]
[645, 26.8553199, 88.7468316, 26.854707307501403, 26.85593248918221, 88.7461449544922, 88.74751824550782]
[299, 23.2723378, 86.3538292, 23.271707020370922, 23.272968576642324, 86.3531425544922, 86.35451584550782]
[302, 23.3443596, 86.3693099, 23.343729161888255, 23.344990035117902, 86.3686232544922, 86.36999654550783]
[286, 23.3256911, 86.1561758, 23.325060573269184, 23.32632162373884, 86.15548915449222, 86.15686244550784]
[441, 26.0271115, 87.9455467, 26.02649448798373, 26.027728508771606, 87.94486005449221, 87.94623334550784]
[090, 22.912913, 88.4040137, 22.912280530937807, 22.913545466111195, 88.4033270544922, 88.40470034550782]
[092, 22.8965348, 88.4260861, 22.895902254546463, 22.897167342504186, 88.42539945449221, 88.42677274550783]
[094, 22.8988812, 88.410728, 22.898248665487394, 22.899513731563026, 88.4100413544922, 88.41141464550782]
[675, 24.1394903, 87.8650665, 24.138863698372916, 24.14011689855605, 87.8643798544922, 87.86575314550782]
[439, 26.2471105, 88.1712303, 26.246494649413997, 26.247726347322033, 88.17054365449218, 88.1719169455078]
[685, 26.4164469, 88.3735378, 26.415831949568595, 26.417061847152663, 88.3728511544922, 88.37422444550782]
[443, 26.075015, 88.111275, 26.074398240104266, 26.075631756646885, 88.11058835449217, 88.11196164550779]
[427, 25.390118, 88.3976889, 25.389497676496575, 25.39073832031584, 88.39700225449218, 88.3983755455078]
[430, 25.4076069, 88.7562855, 25.40698666639294, 25.408227130417913, 88.75559885449218, 88.7569721455078]
[085, 22.5805181, 88.9120806, 22.57988409070602, 22.58115210637646, 88.91139395449215, 88.91276724550778]
[087, 22.4578916, 88.9857694, 22.457257027871997, 22.4585261692229, 88.98508275449217, 88.9864560455078]
[189, 23.9644053, 87.7485402, 23.96377784320565, 23.965032753740136, 87.74785355449217, 87.74922684550779]
[755, 21.992408, 88.2915095, 21.991771317864984, 21.99304467927768, 88.2908228544922, 88.29219614550783]
[005, 22.0870328, 88.2543624, 22.086396543394546, 22.087669053738317, 88.25367575449218, 88.2550490455078]
[185, 23.7831807, 87.6010503, 23.782552364221843, 23.78380903274144, 87.60036365449218, 87.60173694550781]
[190, 24.4225826, 87.8614325, 24.421957393455386, 24.423207803446694, 87.86074585449217, 87.86211914550779]
[004, 22.1878665, 88.1891559, 22.187230698755602, 22.18850229836692, 88.18846925449219, 88.18984254550782]
[814, 22.2542316, 88.1741618, 22.253596099532395, 22.254867097583276, 88.17347515449217, 88.17484844550779]
[556, 22.2724749, 88.0977936, 22.27183948236326, 22.27311031475056, 88.09710695449218, 88.0984802455078]
[279, 22.9229083, 87.07705, 22.92227587758336, 22.923540719464647, 87.07636335449217, 87.0777366455078]
[281, 22.9931383, 87.13074, 22.992506205871845, 22.993770391169168, 87.13005335449219, 87.13142664550782]
[501, 26.5559334, 88.7193538, 26.55531919508285, 26.55654760162641, 88.71866715449221, 88.72004044550783]
[596, 26.9524189, 88.7063303, 26.95180683404579, 26.953030962629605, 88.70564365449218, 88.7070169455078]
[686, 26.2922567, 88.24228, 26.291641088875547, 26.29287230785651, 88.24159335449218, 88.2429666455078]
[553, 23.7034052, 87.856029, 23.70277647928321, 23.704033917687823, 87.85534235449222, 87.85671564550785]
[418, 26.53799, 88.6463083, 26.537375698976525, 26.538604297734253, 88.64562165449217, 88.6469949455078]
[513, 26.5721135, 88.545812, 26.571499381796414, 26.57272761491144, 88.5451253544922, 88.54649864550782]
[766, 25.2781394, 87.882456, 25.27751850227488, 25.278760294547748, 87.88176935449218, 87.8831426455078]
[159, 23.3768679, 88.2356671, 23.376237616364403, 23.377498180638558, 88.23498045449219, 88.23635374550781]
[139, 23.3901723, 88.1380619, 23.389542079644084, 23.390802517357585, 88.13737525449221, 88.13874854550784]
[732, 23.911215, 87.95192, 23.91058728456841, 23.9118427123825, 87.95123335449216, 87.95260664550779]
[440, 25.4541359, 88.1751494, 25.453515905842426, 25.454755890964208, 88.1744627544922, 88.17583604550782]
[436, 25.8411125, 87.9290975, 25.840494513144098, 25.8417304836278, 87.9284108544922, 87.92978414550782]
[733, 25.3700433, 88.46053, 25.36942287337996, 25.370663723434294, 88.4598433544922, 88.46121664550782]
[170, 23.7807967, 86.867945, 23.780168352700745, 23.7814250442628, 86.86725835449221, 86.86863164550783]
[168, 23.70542, 86.9532017, 23.704791288990165, 23.706048707980663, 86.95251505449221, 86.95388834550783]
[171, 23.61482, 87.1444833, 23.61419085326358, 23.615449143716074, 87.14379665449218, 87.1451699455078]
[531, 23.6173683, 87.112865, 23.616739165497744, 23.617997431481676, 87.11217835449219, 87.11355164550781]
[169, 23.682955, 87.0016733, 23.68232618080164, 23.683583816171385, 87.00098665449218, 87.0023599455078]
[313, 24.9812834, 88.1401401, 24.98066099149255, 24.98190580535733, 88.13945345449218, 88.14082674550781]
[331, 24.8046959, 87.9891612, 24.80407260071291, 24.80531919615338, 87.9884745544922, 87.98984784550782]
[540, 23.7217184, 86.8638529, 23.72108976754167, 23.72234702942761, 86.86316625449217, 86.8645395455078]
[199, 23.805255, 86.9191433, 23.80462677095158, 23.805883226009563, 86.91845665449216, 86.91982994550779]
[197, 23.6721817, 86.9573033, 23.67155282895311, 23.672810568020957, 86.95661665449222, 86.95798994550785]
[196, 23.6546684, 86.9062522, 23.65403944471451, 23.655297352261254, 86.90556555449217, 86.9069388455078]
[198, 23.7583633, 87.0215717, 23.757734844340543, 23.758991752625175, 87.02088505449217, 87.0222583455078]
[338, 23.9689633, 87.96413, 23.968335865394028, 23.969590731551307, 87.9634433544922, 87.96481664550782]
[720, 23.7239498, 87.430443, 23.723321178300026, 23.72457841866902, 87.42975635449216, 87.43112964550778]
[132, 23.4934248, 87.7475019, 23.492795071898556, 23.49405452509298, 87.74681525449216, 87.74818854550779]
[131, 23.3436333, 87.6821567, 23.34300285843928, 23.344263738566976, 87.6814700544922, 87.68284334550782]
[135, 23.4592517, 87.9408883, 23.458621808752387, 23.459881588242464, 87.94020165449217, 87.9415749455078]
[138, 23.220735, 87.7723767, 23.2201039762905, 23.221366020727853, 87.77169005449218, 87.77306334550781]
[140, 23.0165733, 87.8564117, 23.01594131562951, 23.017205281409097, 87.85572505449215, 87.85709834550778]
[145, 23.1145597, 87.8065918, 23.11392817569336, 23.11519122133557, 87.80590515449217, 87.80727844550779]
[614, 23.5721017, 87.6028933, 23.571472348362228, 23.572731048621574, 87.60220665449219, 87.60357994550782]
[561, 23.410925, 87.9973833, 23.410294878417908, 23.41155511858169, 87.99669665449221, 87.99806994550784]
[152, 23.2797371, 88.2637308, 23.279106355411457, 23.280367841601088, 88.2630441544922, 88.26441744550783]
[154, 23.4064717, 88.3471133, 23.405841557215165, 23.407101839784886, 88.34642665449218, 88.3477999455078]
[155, 23.1690666, 88.2600027, 23.16843533241266, 23.16969786461084, 88.25931605449216, 88.26068934550779]
[150, 23.5195167, 88.2564717, 23.51888709661498, 23.520146300373987, 88.25578505449221, 88.25715834550783]
[153, 23.2137917, 88.3495783, 23.213160643487893, 23.214422753531174, 88.3488916544922, 88.35026494550783]
[639, 23.6235721, 87.3297116, 23.622942995286824, 23.624201201691996, 87.32902495449218, 87.33039824550781]
[215, 22.1811817, 87.3874667, 22.180545868506318, 22.181817528616843, 87.38678005449219, 87.38815334550782]
[227, 21.8298868, 87.3588134, 21.829249391057242, 21.830524206102222, 87.35812675449222, 87.35950004550784]
[225, 22.0700753, 87.3490597, 22.069438967008683, 22.07071163012595, 87.34837305449219, 87.34974634550781]
[248, 22.0808233, 87.7097717, 22.080187015417078, 22.08145958171641, 87.70908505449222, 87.71045834550785]
[580, 21.9677271, 87.4154392, 21.967090307159978, 21.968363889985216, 87.41475255449217, 87.41612584550779]
[212, 22.109815, 87.2715833, 22.10917884610581, 22.11045115102475, 87.27089665449216, 87.27226994550779]
[333, 24.115584, 87.9969228, 24.11495728126233, 24.11621071566893, 87.99623615449218, 87.9976094455078]
[780, 22.5177989, 88.0597757, 22.51716460247297, 22.518433194615884, 88.05908905449218, 88.0604623455078]
[465, 22.5081197, 87.9049319, 22.507485358058833, 22.50875403903103, 87.9042452544922, 87.90561854550782]
[779, 22.5689863, 88.0748914, 22.568352237653325, 22.569620359430317, 88.0742047544922, 88.07557804550783]
[262, 23.4061717, 87.1017983, 23.405541555786975, 23.406801841213113, 87.10111165449217, 87.1024849455078]
[259, 23.4432522, 87.2918659, 23.442622232446016, 23.4438821645504, 87.29117925449219, 87.29255254550782]
[747, 23.2270847, 87.0623561, 23.22645370629689, 23.22771569072086, 87.06166945449218, 87.0630427455078]
[261, 23.3201256, 86.9494925, 23.31949504686279, 23.320756150145776, 86.9488058544922, 86.95017914550783]
[267, 23.5115717, 87.1330753, 23.510942058624938, 23.512201338364843, 87.13238865449216, 87.13376194550779]
[539, 22.3547475, 88.0671814, 22.35411245670939, 22.355382540396043, 88.06649475449217, 88.0678680455078]
[078, 22.8597783, 88.7712133, 22.859145583294637, 22.8604110137597, 88.77052665449219, 88.77189994550781]
[336, 24.107335, 88.2344667, 24.106708240878003, 24.10796175605406, 88.23378005449217, 88.2351533455078]
[134, 23.049075, 87.9866283, 23.048443168026065, 23.049706829009345, 87.9859416544922, 87.98731494550782]
[050, 22.5715741, 88.01494, 22.570940049556423, 22.57220814752697, 88.01425335449221, 88.01562664550784]
[514, 25.5293196, 88.1470273, 25.528699993619973, 25.529939203179833, 88.14634065449218, 88.1477139455078]
[298, 23.5341407, 86.6625482, 23.533511166573206, 23.53477023041434, 86.66186155449219, 86.66323484550782]
[285, 23.4910217, 86.5646256, 23.49039196041857, 23.491651436573207, 86.56393895449219, 86.56531224550781]
[284, 23.4927238, 86.6647993, 23.492094068549658, 23.493353528441958, 86.66411265449221, 86.66548594550784]
[149, 23.1502827, 88.1268852, 23.149651343878787, 23.150914053146582, 88.12619855449219, 88.12757184550782]
[594, 21.8160467, 87.8429333, 21.815409229400117, 21.816684167760815, 87.84224665449221, 87.84361994550784]
[638, 21.7228794, 87.6321694, 21.722241515311335, 21.723517281859284, 87.6314827544922, 87.63285604550782]
[253, 21.6829081, 87.5620078, 21.682270038172987, 21.683546159001803, 87.56132115449219, 87.56269444550782]
[280, 23.3017315, 87.4105599, 23.301100859631415, 23.302362137378967, 87.4098732544922, 87.41124654550782]
[073, 22.9190232, 88.7198021, 22.91839075945031, 22.919655637598115, 88.71911545449217, 88.7204887455078]
[319, 24.3045967, 88.3618767, 24.303970910162413, 24.305222486750864, 88.36119005449217, 88.3625633455078]
[326, 24.4072383, 88.2541417, 24.40661301744696, 24.40786357945659, 88.25345505449218, 88.2548283455078]
[684, 22.0087125, 87.7077375, 22.008075891062852, 22.009349106078147, 87.7070508544922, 87.70842414550782]
[265, 22.9751654, 86.8493284, 22.9745332217675, 22.975797575275287, 86.84864175449218, 86.8500150455078]
[582, 21.8944917, 87.7627683, 21.893854579361694, 21.895128817791097, 87.76208165449219, 87.76345494550782]
[250, 21.6321933, 87.5213467, 21.63155501387029, 21.632831583309784, 87.52066005449217, 87.5220333455078]
[476, 22.4869876, 87.860085, 22.48635316115459, 22.48762203593737, 87.85939835449221, 87.86077164550784]
[649, 22.2236212, 87.9019902, 22.222985560695438, 22.224256836423436, 87.90130355449219, 87.90267684550781]
[275, 23.0490033, 87.4394033, 23.048371467689645, 23.049635129345763, 87.43871665449217, 87.4400899455078]
[652, 22.9634667, 87.350685, 22.962834467056766, 22.9640989299872, 87.34999835449219, 87.35137164550781]
[425, 26.430892, 89.0574112, 26.430277126604317, 26.43150687011573, 89.05672455449218, 89.0580978455078]
[559, 22.3721469, 87.4401576, 22.371511936045657, 22.37278186105801, 87.43947095449221, 87.44084424550783]
[206, 22.2843517, 87.3080883, 22.283716336322644, 22.28498706078997, 87.3074016544922, 87.30877494550782]
[734, 22.8597571, 88.6572198, 22.85912438319592, 22.86038981385838, 88.6565331544922, 88.65790644550782]
[422, 26.8773167, 88.9201333, 26.876704226630622, 26.877929170051093, 88.91944665449216, 88.92081994550779]
[074, 22.8232696, 88.6446075, 22.822636713455093, 22.823902483602897, 88.6439208544922, 88.64529414550782]
[076, 22.8280319, 88.6265341, 22.827399035594887, 22.828664761462637, 88.6258474544922, 88.62722074550783]
[077, 23.1837465, 88.8554613, 23.183115301650425, 23.1843776953716, 88.85477465449219, 88.85614794550781]
[081, 22.9788928, 88.7824631, 22.97826063920477, 22.979524957837633, 88.78177645449216, 88.78314974550779]
[229, 22.72759, 87.5141417, 22.726956669570143, 22.728223327497442, 87.51345505449217, 87.5148283455078]
[233, 22.7162823, 87.6107841, 22.715648917227192, 22.716915679841573, 87.61009745449218, 87.6114707455078]
[237, 22.8090399, 87.5836277, 22.808406947327693, 22.8096728497317, 87.58294105449215, 87.58431434550778]
[207, 22.2066733, 86.8955317, 22.2060375839043, 22.207309013216282, 86.89484505449218, 86.8962183455078]
[202, 22.5738547, 86.9214047, 22.573220660047554, 22.57448873703561, 86.92071805449217, 86.9220913455078]
[320, 24.0392548, 88.4294065, 24.038627708076355, 24.039881888862233, 88.42871985449221, 88.43009314550784]
[294, 23.3650035, 85.9844162, 23.364373159962458, 23.365633837041667, 85.98372955449219, 85.98510284550781]
[318, 24.0830833, 88.27129, 24.082456422225068, 24.083710174709314, 88.27060335449221, 88.27197664550783]
[231, 22.8414242, 87.3437317, 22.840791397878707, 22.842056999177462, 87.34304505449222, 87.34441834550785]
[432, 25.2857133, 88.9367783, 25.285092441038756, 25.28633415578315, 88.9360916544922, 88.93746494550783]
[210, 22.4329337, 87.3032063, 22.432299013675564, 22.43356838342188, 87.30251965449219, 87.30389294550781]
[213, 22.5369133, 87.4449317, 22.536279090234785, 22.537547506852075, 87.44424505449217, 87.4456183455078]
[232, 22.7128769, 87.1653719, 22.71224350146852, 22.713510295600567, 87.16468525449216, 87.16605854550778]
[203, 22.3014015, 86.9102724, 22.300766213832024, 22.302036783278844, 86.90958575449218, 86.91095904550781]
[208, 22.4482384, 87.0023973, 22.447603783688916, 22.448873013407006, 87.00171065449217, 87.0030839455078]
[226, 22.3936633, 87.015935, 22.393028434235234, 22.39429816286624, 87.0152483544922, 87.01662164550783]
[214, 22.35962, 87.1192317, 22.358984978920684, 22.360255018184247, 87.11854505449219, 87.11991834550781]
[569, 22.4480886, 86.8721111, 22.447453983003395, 22.4487232140925, 86.87142445449217, 86.8727977455078]
[254, 22.0890918, 88.1548853, 22.088455552673217, 22.089728044459456, 88.15419865449218, 88.1555719455078]
[558, 22.0284347, 87.9755521, 22.0277981796731, 22.029071217465834, 87.9748654544922, 87.97623874550783]
[239, 22.18673, 87.9652533, 22.18609419361223, 22.1873658035104, 87.96456665449216, 87.96593994550778]
[013, 22.1480571, 88.4042077, 22.147421118742557, 22.14869307838404, 88.40352105449222, 88.40489434550784]
[321, 24.1442943, 88.3767042, 24.143667721919588, 24.14492087500893, 88.3760175544922, 88.37739084550782]
[323, 24.1210049, 88.6645854, 24.120378207808333, 24.121631589122455, 88.66389875449221, 88.66527204550783]
[322, 24.1210927, 88.5434731, 24.120466008238314, 24.12171938869243, 88.54278645449222, 88.54415974550784]
[754, 24.1659061, 88.4835273, 24.16527962790375, 24.16653256902271, 88.48284065449218, 88.4842139455078]
[209, 22.364935, 87.3299633, 22.364300003154366, 22.365569993950047, 87.32927665449222, 87.33064994550784]
[317, 23.93949, 88.2310967, 23.938862421987942, 23.94011757496024, 88.23041005449215, 88.23178334550778]
[240, 22.3598324, 87.8922404, 22.359197379888997, 22.360467417215897, 87.89155375449218, 87.8929270455078]
[723, 22.3983885, 87.6944983, 22.39775365581056, 22.39902334129043, 87.69381165449221, 87.69518494550783]
[242, 22.2508033, 87.7831067, 22.25016778397394, 22.25143881314211, 87.7824200544922, 87.78379334550783]
[244, 22.287508, 87.9171448, 22.286872650667124, 22.288143346445164, 87.9164581544922, 87.91783144550783]
[251, 21.9686643, 87.8098147, 21.96802751136158, 21.969301085783506, 87.80912805449219, 87.81050134550782]
[324, 24.25122, 88.2782433, 24.25059394715294, 24.251846049765426, 88.27755665449217, 88.2789299455078]
[339, 24.1830225, 88.0937698, 24.18239611190575, 24.18364888501911, 88.0930831544922, 88.09445644550783]
[690, 26.4853419, 89.5023986, 26.484727317336844, 26.485956479378505, 89.50171195449218, 89.5030852455078]
[166, 23.5599917, 87.4956417, 23.559362290339415, 23.560621106645595, 87.49495505449215, 87.49632834550778]
[160, 23.477, 87.3949923, 23.476370193456784, 23.47762980353636, 87.3943056544922, 87.39567894550783]
[551, 24.0965867, 88.261767, 24.09595988827743, 24.097213508655667, 88.26108035449221, 88.26245364550783]
[268, 22.8819467, 86.78118, 22.881314086548027, 22.882579310504067, 86.7804933544922, 86.78186664550782]
[272, 22.7931499, 86.9392232, 22.79251687353083, 22.79378292353021, 86.9385365544922, 86.93990984550783]
[522, 25.34812, 88.6291483, 25.34749946085473, 25.34874053596149, 88.62846165449218, 88.62983494550781]
[337, 23.9519238, 88.0350283, 23.951296282465915, 23.952551314481067, 88.03434165449221, 88.03571494550783]
[573, 24.0450745, 88.1200517, 24.04444743649064, 24.04570156044739, 88.11936505449216, 88.12073834550779]
[329, 23.871606, 88.1872397, 23.870978092321476, 23.87223390463324, 88.18655305449221, 88.18792634550783]
[724, 24.220465, 88.2517667, 24.219838795856784, 24.221091201064457, 88.2510800544922, 88.25245334550783]
[243, 22.044595, 87.9029783, 22.043958552336253, 22.04523144480102, 87.90229165449216, 87.90366494550778]
[328, 23.8385632, 88.2468676, 23.837935132173975, 23.839191264783935, 88.24618095449216, 88.24755424550779]
[641, 22.3722567, 87.350125, 22.371621736546487, 22.372891660557144, 87.34943835449218, 87.3508116455078]
[216, 22.3380783, 87.2593583, 22.33744318075755, 22.33871341634956, 87.25867165449222, 87.26004494550784]
[205, 22.39358, 87.5659933, 22.392945133854912, 22.394214863246543, 87.56530665449219, 87.56667994550781]
[217, 22.2892861, 87.5873097, 22.28865075874892, 22.289921438363194, 87.58662305449218, 87.5879963455078]
[654, 25.2881559, 88.2949881, 25.28753505354252, 25.28877674327917, 88.2943014544922, 88.29567474550782]
[655, 25.1901227, 88.2544069, 25.18950135259339, 25.190744044237256, 88.25372025449218, 88.2550935455078]
[304, 25.3930303, 88.0094986, 25.39240999146235, 25.3936506053498, 88.00881195449222, 88.01018524550784]
[790, 25.4688718, 87.9171168, 25.46825188176219, 25.4694917150431, 87.91643015449222, 87.91780344550784]
[591, 26.6953899, 88.75803, 26.69477644407581, 26.696003352621407, 88.7573433544922, 88.75871664550783]
[021, 22.2474996, 88.3578487, 22.24686406898309, 22.248135128133303, 88.35716205449216, 88.35853534550779]
[022, 22.2679198, 88.451784, 22.267284361675507, 22.268555235438807, 88.45109735449216, 88.45247064550779]
[012, 22.3624778, 88.4495885, 22.361842791950114, 22.36311280515454, 88.44890185449219, 88.45027514550782]
[015, 22.3949111, 88.4194971, 22.394276239932303, 22.395545957169077, 88.41881045449219, 88.42018374550781]
[019, 22.3749524, 88.4249505, 22.37431744884341, 22.375587348259966, 88.42426385449221, 88.42563714550784]
[688, 22.0814539, 88.3789202, 22.080817618257978, 22.082090178875475, 88.37823355449217, 88.3796068455078]
[667, 22.1050508, 88.5712329, 22.104414624618553, 22.10568697251245, 88.57054625449217, 88.5719195455078]
[791, 23.867495, 88.0865183, 23.86686707238546, 23.86812292456966, 88.08583165449215, 88.08720494550778]
[071, 22.778278, 88.4936999, 22.77764490450634, 22.77891109255619, 88.49301325449221, 88.49438654550784]
[575, 23.8935446, 88.5453041, 23.892916798765988, 23.894172398186626, 88.5446174544922, 88.54599074550782]
[224, 22.3800633, 87.2800521, 22.379428372161538, 22.3806982249413, 87.27936545449222, 87.28073874550785]
[357, 23.2375466, 88.4917664, 23.23691565575292, 23.238177541263802, 88.4910797544922, 88.49245304550783]
[228, 22.0481859, 87.5837091, 22.04754946848923, 22.048822328647642, 87.58302245449215, 87.58439574550778]
[529, 21.90931, 87.528065, 21.908672945603726, 21.9099470515475, 87.52737835449216, 87.52875164550778]
[359, 23.3465063, 88.6330003, 23.345875872082903, 23.347136724923057, 88.63231365449218, 88.6336869455078]
[705, 24.9744746, 88.0314937, 24.97385215703654, 24.975097039813985, 88.03080705449219, 88.03218034550781]
[704, 24.9211952, 88.0944306, 24.92057248771902, 24.92181790913641, 88.0937439544922, 88.09511724550782]
[363, 23.4173993, 88.6911239, 23.416769209249715, 23.418029387749307, 88.69043725449217, 88.69181054550779]
[367, 23.503796, 88.4482189, 23.50316632145612, 23.504425675534396, 88.44753225449222, 88.44890554550784]
[398, 26.5428149, 89.1833796, 26.542200624813166, 26.54342917189719, 89.18269295449215, 89.18406624550778]
[403, 26.6836216, 89.4372237, 26.683008080730172, 26.684235115968082, 89.43653705449219, 89.43791034550782]
[370, 23.7914205, 88.2509473, 23.790792204050547, 23.792048792911928, 88.2502606544922, 88.25163394550782]
[715, 22.9014586, 87.4470849, 22.90082607750666, 22.902091119543492, 87.44639825449218, 87.4477715455078]
[517, 26.2864113, 89.4645662, 26.285795657849235, 26.287026938883383, 89.46387955449217, 89.46525284550779]
[405, 26.2940511, 89.3209951, 26.293435498401195, 26.294666698330747, 89.32030845449219, 89.32168174550782]
[633, 21.8425017, 87.6190367, 21.841864347288567, 21.843139049869617, 87.61835005449217, 87.6197233455078]
[075, 22.8561574, 88.5352999, 22.85552466643864, 22.856790130616087, 88.53461325449217, 88.5359865455078]
[407, 26.3399614, 89.4813541, 26.33934604232309, 26.34057675440488, 89.48066745449216, 89.48204074550779]
[411, 26.3445623, 89.4506998, 26.343946966789485, 26.34517762993805, 89.45001315449218, 89.45138644550781]
[426, 25.245163, 88.7854703, 25.244541933625193, 25.245784063200446, 88.78478365449217, 88.7861569455078]
[431, 25.310872, 88.5698753, 25.310251269881096, 25.311492726938514, 88.56918865449222, 88.57056194550785]
[162, 23.4056198, 87.5358967, 23.40498965315961, 23.406249943840542, 87.53521005449215, 87.53658334550778]
[218, 22.4270811, 87.2984154, 22.42644638691407, 22.427715810183997, 87.2977287544922, 87.29910204550782]
[646, 22.4557733, 87.3220733, 22.455138718174915, 22.456407878920214, 87.32138665449219, 87.32275994550781]
[219, 22.5716008, 87.3296403, 22.570966749679243, 22.572234847404147, 87.32895365449218, 87.3303269455078]
[570, 22.4304583, 87.3504067, 22.429823602355782, 22.431092994741913, 87.3497200544922, 87.35109334550782]
[260, 23.3183837, 87.2177276, 23.3177531385993, 23.319014258409453, 87.21704095449218, 87.2184142455078]
[689, 23.5312362, 86.9666794, 23.5306066526754, 23.531865744312412, 86.96599275449216, 86.96736604550779]
[269, 23.4350983, 86.8957121, 23.434468293576533, 23.435728303420664, 86.89502545449216, 86.89639874550778]
[278, 22.75948, 86.9952633, 22.75884681732079, 22.760113179743612, 86.99457665449222, 86.99594994550785]
[706, 23.0649794, 86.8074408, 23.06434764267396, 23.065611154359857, 86.80675415449218, 86.80812744550781]
[325, 24.194875, 88.2841483, 24.19424867010689, 24.19550132681682, 88.28346165449216, 88.28483494550778]
[468, 22.299553, 88.269969, 22.29891770542593, 22.30018829168515, 88.26928235449219, 88.27065564550782]
[756, 21.8446857, 88.4360348, 21.84404835702696, 21.845323040130985, 88.4353481544922, 88.43672144550783]
[163, 23.7147633, 87.2701083, 23.714134634014748, 23.71539196295517, 87.26942165449219, 87.27079494550782]
[161, 23.6026283, 87.1756217, 23.60199909474957, 23.603257502231283, 87.17493505449215, 87.17630834550778]
[463, 22.7832102, 88.578756, 22.78257712739328, 22.783843269668758, 88.57806935449219, 88.57944264550781]
[181, 23.7670645, 87.8809899, 23.766436086358564, 23.7676929106063, 87.88030325449222, 87.88167654550784]
[182, 23.6083791, 87.8913932, 23.607749922346965, 23.609008274633332, 87.89070655449217, 87.8920798455078]
[697, 22.2541849, 87.4731881, 22.253549399320445, 22.254820397795232, 87.4725014544922, 87.47387474550783]
[252, 21.9187533, 87.919675, 21.918116287840206, 21.919390309310028, 87.91898835449217, 87.9203616455078]
[437, 26.359238, 88.3151498, 26.358622744857616, 26.359853251868632, 88.31446315449216, 88.31583644550778]
[211, 22.4948085, 87.6590968, 22.494174097008386, 22.495442900082818, 87.65841015449217, 87.6597834455078]
[221, 22.2121491, 87.5755938, 22.21151340870912, 22.21278478841088, 87.57490715449217, 87.57628044550779]
[692, 23.1400375, 87.8345292, 23.13940609561883, 23.14066890140754, 87.83384255449221, 87.83521584550783]
[241, 22.4069247, 87.7411874, 22.406289894797908, 22.407559502302203, 87.74050075449219, 87.74187404550781]
[482, 22.3448383, 87.7891333, 22.344203211552443, 22.345473385553984, 87.78844665449219, 87.78981994550782]
[404, 26.7215757, 89.3515385, 26.720962385119943, 26.722189011575082, 89.35085185449219, 89.35222514550782]
[527, 26.6237694, 88.4510184, 26.623155558962203, 26.624383237741196, 88.4503317544922, 88.45170504550782]
[417, 26.5042317, 88.70763, 26.503617218327662, 26.504846178386018, 88.70694335449218, 88.70831664550781]
[413, 26.4191412, 88.9185366, 26.41852626393433, 26.419756132786695, 88.91784995449217, 88.9192232455078]
[415, 26.3419195, 88.7830984, 26.341304152735248, 26.342534843992482, 88.78241175449216, 88.78378504550778]
[292, 23.5984142, 86.7599601, 23.597784974530637, 23.599043422450627, 86.75927345449219, 86.76064674550781]
[712, 23.1949722, 86.5224828, 23.19434105462444, 23.195603342396502, 86.52179615449222, 86.52316944550785]
[748, 23.6573231, 86.7982113, 23.656694157479794, 23.65795203949572, 86.79752465449218, 86.7988979455078]
[479, 24.2880199, 87.9408505, 24.287394028423382, 24.28864576849147, 87.9401638544922, 87.94153714550782]
[707, 24.5168523, 87.8521682, 24.516227561406858, 24.517477035486298, 87.85148155449218, 87.8528548455078]
[518, 26.6099462, 89.8289107, 26.609332284743303, 26.610560111961288, 89.82822405449218, 89.8295973455078]
[677, 23.4987164, 87.3653663, 23.498086697181254, 23.499346099809728, 87.36467965449219, 87.36605294550782]
[020, 22.4230711, 88.5013253, 22.42243636858183, 22.423705828516646, 88.5006386544922, 88.50201194550783]
[461, 22.411386, 88.3707163, 22.4107512151796, 22.412020781920074, 88.37002965449221, 88.37140294550784]
[454, 22.4707678, 88.4396343, 22.470133286834958, 22.471402310258657, 88.43894765449215, 88.44032094550778]
[822, 26.3910662, 89.391159, 26.390451114308053, 26.39168128241544, 89.3904723544922, 89.39184564550783]
[340, 24.4547412, 88.0371649, 24.454116152899417, 24.455366243999634, 88.03647825449218, 88.0378515455078]
[644, 23.4030293, 88.4908315, 23.402399140828077, 23.403659456172328, 88.4901448544922, 88.49151814550783]
[356, 23.3006233, 88.5369699, 23.29999265437802, 23.30125394263249, 88.53628325449222, 88.53765654550784]
[578, 24.3683684, 88.1136713, 24.36774292510447, 24.36899387180273, 88.11298465449215, 88.11435794550778]
[341, 24.2809567, 88.0941017, 24.280330793611142, 24.281582603304347, 88.0934150544922, 88.09478834550782]
[512, 22.6296162, 86.7689081, 22.62898241687197, 22.630249980205555, 86.76822145449216, 86.76959474550779]
[079, 23.0488693, 88.8200818, 23.04823746706093, 23.049501129974512, 88.81939515449221, 88.82076844550784]
[554, 23.1912391, 88.9493883, 23.190607937005282, 23.191870260016014, 88.9487016544922, 88.95007494550782]
[334, 24.637135, 87.9219617, 24.63651086094143, 24.637759135940442, 87.92127505449218, 87.92264834550781]
[295, 23.4395727, 86.696532, 23.438942714904336, 23.44020268209244, 86.69584535449218, 86.6972186455078]
[296, 23.0398065, 86.6470124, 23.03917462454646, 23.040438372489863, 86.64632575449218, 86.6476990455078]
[311, 25.0753599, 87.9062843, 25.074737968467346, 25.075981828373845, 87.90559765449217, 87.9069709455078]
[674, 24.4003683, 88.0438756, 24.399742983430738, 24.40099361347344, 88.04318895449217, 88.04456224550779]
[165, 23.5470817, 87.273675, 23.546452228514507, 23.547711168471782, 87.27298835449221, 87.27436164550784]
[721, 22.54482, 87.2154283, 22.544185826558245, 22.54545417052782, 87.21474165449217, 87.2161149455078]
[448, 26.0828057, 89.3148104, 26.0821889811482, 26.083422415602264, 89.31412375449219, 89.31549704550781]
[736, 23.4037369, 86.0653157, 23.40310674419633, 23.404367052804005, 86.06462905449217, 86.0660023455078]
[740, 26.5942002, 88.5192084, 26.593586200244108, 26.594814196461808, 88.51852175449221, 88.51989504550784]
[526, 26.3575917, 88.90582, 26.356976436098023, 26.35820696062836, 88.9051333544922, 88.90650664550782]
[309, 24.8699965, 88.0163693, 24.869373529426404, 24.870619467433777, 88.0156826544922, 88.01705594550782]
[144, 23.2016283, 87.9702817, 23.200997186045967, 23.202259410974282, 87.96959505449217, 87.9709683455078]
[291, 23.6171533, 86.4804933, 23.616524164465496, 23.617782432513934, 86.47980665449222, 86.48117994550785]
[297, 23.174145, 86.6720067, 23.173513756360244, 23.174776240662727, 86.67132005449218, 86.67269334550781]
[711, 23.529104, 86.8510819, 23.528474442474035, 23.529733554514006, 86.85039525449218, 86.85176854550781]
[731, 23.5772633, 86.6135167, 23.576633973101636, 23.577892623881677, 86.61283005449218, 86.6142033455078]
[293, 23.3031969, 86.6307488, 23.30256626657846, 23.303827530431757, 86.63006215449218, 86.6314354455078]
[572, 22.934726, 86.5947578, 22.93409363275844, 22.935358364288387, 86.59407115449221, 86.59544444550784]
[416, 26.5370797, 88.6854095, 26.536465394102496, 26.53769400260835, 88.68472285449218, 88.6860961455078]
[640, 22.6400396, 88.0753307, 22.639405864946315, 22.640673332130163, 88.07464405449218, 88.07601734550781]
[557, 21.9986013, 88.3902193, 21.997964645663274, 21.999237951478744, 88.3895326544922, 88.39090594550782]
[365, 23.6705742, 88.1775614, 23.669945321218627, 23.671203075755606, 88.17687475449219, 88.17824804550781]
[751, 22.2975958, 88.1687019, 22.29696049652623, 22.298231100585053, 88.16801525449216, 88.16938854550779]
[400, 26.6488126, 89.724713, 26.648198893514007, 26.649426303187212, 89.7240263544922, 89.72539964550782]
[033, 22.4983131, 88.5953724, 22.497678713078557, 22.4989474840123, 88.59468575449216, 88.59605904550779]
[477, 27.0289459, 88.8742961, 27.028334250271907, 27.02955754639696, 88.87360945449217, 88.8749827455078]
[660, 27.0617966, 88.8789759, 27.061185129279853, 27.062408067386272, 88.87828925449219, 88.87966254550781]
[636, 21.9919921, 87.5386572, 21.99135541599849, 21.992628781144184, 87.53797055449218, 87.5393438455078]
[637, 21.961351, 87.5903412, 21.96071417857949, 21.96198781856636, 87.5896545544922, 87.59102784550782]
[676, 22.0779485, 87.61511, 22.077312202466956, 22.07858479466686, 87.6144233544922, 87.61579664550783]
[797, 22.3491289, 88.8216475, 22.348493831102697, 22.349763966003305, 88.82096085449217, 88.8223341455078]
[460, 22.5783139, 88.5318356, 22.57767988056349, 22.578947916519212, 88.53114895449221, 88.53252224550783]
[509, 22.5011499, 88.5146777, 22.500515526088286, 22.50178427100226, 88.51399105449218, 88.5153643455078]
[037, 22.5121028, 88.7151748, 22.51146847633355, 22.51273712075588, 88.71448815449219, 88.71586144550781]
[760, 23.2614486, 87.8249753, 23.260817768822605, 23.26207942819176, 87.8242886544922, 87.82566194550782]
[192, 24.0608867, 87.6197108, 24.060259713725284, 24.061513683211235, 87.6190241544922, 87.62039744550782]
[018, 22.300663, 88.6685132, 22.300027710473596, 22.30129828663735, 88.6678265544922, 88.66919984550782]
[024, 22.4554647, 88.3523432, 22.454830116762295, 22.456099280332882, 88.3516565544922, 88.35302984550782]
[550, 22.4341051, 88.4005173, 22.433470419032695, 22.434739778064646, 88.39983065449218, 88.4012039455078]
[025, 22.4435748, 88.4218459, 22.442940162349853, 22.444209434746494, 88.42115925449218, 88.4225325455078]
[026, 22.4803686, 88.3474025, 22.479734130819992, 22.48100306627266, 88.34671585449217, 88.3480891455078]
[023, 22.4593679, 88.3824563, 22.458733334630672, 22.46000246246407, 88.38176965449219, 88.38314294550781]
[617, 23.6807683, 86.9921467, 23.680139470275925, 23.681397126697288, 86.99146005449222, 86.99283334550785]
[428, 25.4054042, 88.2650711, 25.404783955067433, 25.406024441743586, 88.26438445449219, 88.26575774550781]
[567, 22.5662265, 87.8228596, 22.56559242496053, 22.566860572123385, 87.8221729544922, 87.82354624550783]
[568, 22.6081993, 87.6151105, 22.607565418159716, 22.60883317891996, 87.6144238544922, 87.61579714550783]
[235, 22.5570191, 87.7248004, 22.55638498262475, 22.557653214460142, 87.72411375449218, 87.7254870455078]
[234, 22.6699188, 87.6938887, 22.669285202870046, 22.67055239420338, 87.69320205449219, 87.69457534550781]
[795, 22.9908656, 87.7814136, 22.990233495233287, 22.99149770180795, 87.7807269544922, 87.78210024550782]
[642, 22.3346206, 87.5790946, 22.33398546500956, 22.335255732097913, 87.5784079544922, 87.57978124550783]
[834, 25.1891758, 88.1790799, 25.188554447763618, 25.189797149067147, 88.17839325449222, 88.17976654550785]
[845, 24.9690164, 88.2198682, 24.968393929421588, 24.969638867429417, 88.2191815544922, 88.22055484550782]
[796, 22.3862426, 88.781566, 22.38560770036091, 22.3868774967413, 88.78087935449219, 88.78225264550781]
[576, 22.010275, 87.1392334, 22.009638398080263, 22.010911599060524, 87.13854675449215, 87.13992004550778]
[204, 21.931061, 87.3155143, 21.93042404291412, 21.931697954234878, 87.3148276544922, 87.31620094550783]
[220, 22.2110667, 87.1361883, 22.21043100380549, 22.21170239331461, 87.1355016544922, 87.13687494550783]
[768, 22.2253679, 87.5084702, 22.22473226861291, 22.22600352850577, 87.50778355449222, 87.50915684550785]
[769, 22.2252063, 87.5083414, 22.224570667880375, 22.225841929238335, 87.5076547544922, 87.50902804550782]
[770, 21.9665129, 87.4770798, 21.9658761017168, 21.967149695428535, 87.4763931544922, 87.47776644550783]
[771, 21.9665182, 87.4770091, 21.96588140174055, 21.96715499540477, 87.47632245449222, 87.47769574550784]
[374, 27.050128, 88.261554, 27.049516465673037, 27.05073953099406, 88.26086735449218, 88.2622406455078]
[151, 23.634265, 88.125745, 23.63363594664873, 23.634894050329027, 88.12505835449218, 88.12643164550781]
[634, 21.8281333, 87.6332833, 21.827495883243426, 21.828770713916256, 87.6325966544922, 87.63396994550783]
[635, 21.794819, 87.5103144, 21.79418143490378, 21.795456562259396, 87.50962775449216, 87.51100104550778]
[342, 23.7780049, 88.103969, 23.777376539210206, 23.778633257753533, 88.1032823544922, 88.10465564550782]
[332, 24.6223602, 88.0062095, 24.621735987149975, 24.622984409733288, 88.0055228544922, 88.00689614550782]
[335, 24.8039903, 87.9175442, 24.803366997165444, 24.80461359970091, 87.9168575544922, 87.91823084550782]
[792, 23.3837726, 88.4115147, 23.383142349200956, 23.38440284780131, 88.41082805449219, 88.41220134550781]
[809, 22.7046916, 88.4725421, 22.704058163599807, 22.705325033470075, 88.47185545449219, 88.47322874550781]
[069, 22.6936781, 88.4840292, 22.69304461266705, 22.69431158440399, 88.4833425544922, 88.48471584550782]
[256, 22.0715312, 88.0627068, 22.07089487356465, 22.072167523569803, 88.06202015449219, 88.06339344550781]
[148, 23.4409041, 87.7694424, 23.440274121251388, 23.441534075745302, 87.76875575449219, 87.77012904550782]
[327, 24.2143182, 88.5488612, 24.213691965639864, 24.21494443128198, 88.54817455449222, 88.54954784550785]
[093, 22.9484556033935, 88.419655275778, 22.947823300287208, 22.949087903545255, 88.41896863027017, 88.4203419212858]
[113, 22.8815509997535, 88.3790609998437, 22.88091838445766, 22.882183612101493, 88.3783743543359, 88.37974764535153]
[121, 22.8586693755467, 88.3680581262266, 22.85803665367879, 22.859302094469054, 88.36737148071882, 88.36874477173444]
[123, 22.9079470000252, 88.3831919999977, 22.907314507795085, 22.908579489304817, 88.38250535448992, 88.38387864550555]
[125, 22.9055390004497, 87.7725379996022, 22.904906496987227, 22.906171500961896, 87.7718513540944, 87.77322464511002]
[375, 27.0517722164486, 88.2743921678443, 27.05116069108291, 27.05238373848126, 88.27370552233651, 88.27507881335214]
[376, 27.0074152037093, 88.2480473208335, 27.006803436766603, 27.008026967322714, 88.2473606753257, 88.24873396634132]
[377, 27.00862429, 88.2554189, 27.008012529637366, 27.00923604703325, 88.25473225449218, 88.25610554550781]
[378, 27.060282116912, 88.2487663679611, 27.059670637934808, 27.06089359255545, 88.24807972245327, 88.2494530134689]
[380, 27.0637822899979, 88.469724168988, 27.063170830104493, 27.064393746557272, 88.46903752348021, 88.47041081449584]
[382, 26.8760030000516, 88.2707160003842, 26.875390519565023, 26.876615477220017, 88.27002935487639, 88.27140264589201]
[384, 26.667960999657, 88.4223210002552, 26.667347396130438, 26.668574599883165, 88.42163435474737, 88.423007645763]
[385, 26.6942139996661, 88.4368010002822, 26.693600537411193, 26.69482745861833, 88.43611435477442, 88.43748764579004]
[387, 26.753065999604, 88.4458150002177, 26.752452854509215, 26.753679141391068, 88.44512835470988, 88.4465016457255]
[390, 26.7178759999644, 88.4551980002637, 26.717262665148912, 26.71848933147517, 88.45451135475588, 88.4558846457715]
[391, 26.767683999654, 88.3808360003996, 26.76707093343759, 26.768297062561462, 88.38014935489178, 88.38152264590741]
[392, 26.7391650001669, 88.4361070004393, 26.738551780099684, 26.739778216927593, 88.43542035493147, 88.43679364594709]
[393, 26.7329900000114, 88.4038699997495, 26.732376746652065, 26.73360325006476, 88.40318335424172, 88.40455664525734]
[396, 26.7115639997925, 88.4177769996654, 26.710950630971443, 26.71217736530938, 88.41709035415761, 88.41846364517323]
[038, 22.6417123602338, 88.4661961865642, 22.641078632897077, 22.642346084646785, 88.4655095410564, 88.46688283207203]
[743, 22.7374593, 88.509884, 22.736826015274975, 22.73809258179163, 88.50919735449219, 88.51057064550781]
[826, 26.4183216, 89.266861, 26.417706659564168, 26.418936537156934, 89.2661743544922, 89.26754764550782]
[456, 22.935216328818, 88.3912245976478, 22.934583963866316, 22.935848690816485, 88.39053795214, 88.39191124315562]
[833, 23.5286068, 88.4154699, 23.52797724009532, 23.529236356892735, 88.41478325449219, 88.41615654550782]
[098, 22.7849195740818, 88.3188765238337, 22.784286509408204, 22.785552635817265, 88.31818987832588, 88.3195631693415]
[072, 22.8399162, 88.6174621, 22.839283390863695, 22.84054900619262, 88.6167754544922, 88.61814874550782]
[429, 25.5458695, 88.3597582, 25.54524997912327, 25.546489017675064, 88.35907155449217, 88.3604448455078]
[560, 23.6991057, 87.0920555, 23.698476958571554, 23.699734438399904, 87.0913688544922, 87.09274214550783]
[065, 22.719341, 88.488227, 22.718707631383364, 22.719974365685083, 88.48754035449218, 88.48891364550781]
[099, 22.6732565, 88.322969, 22.672622918287722, 22.67389007878537, 88.32228235449219, 88.32365564550781]
[096, 22.71204, 88.2799983, 22.711406597596092, 22.7126733994731, 88.27931165449218, 88.2806849455078]
[867, 26.5171304, 88.7351862, 26.516515987326574, 26.517744809386016, 88.73449955449217, 88.7358728455078]
[878, 26.7097546, 89.0291887, 26.709141221432287, 26.710367975263726, 89.02850205449221, 89.02987534550783]
[738, 22.6831501, 88.3072416, 22.682516564001375, 22.68378363307071, 88.30655495449219, 88.30792824550781]
[351, 22.9710647, 88.4837576, 22.97043250258696, 22.971696894456247, 88.48307095449218, 88.4844442455078]
[812, 22.7212609, 88.3393359, 22.72062754026992, 22.721894256798326, 88.33864925449217, 88.3400225455078]
[898, 25.0223758, 88.0051886, 25.021753599627722, 25.022997997218354, 88.00450195449218, 88.00587524550781]
[876, 25.3091952, 88.433699, 25.30857446129018, 25.3098159355296, 88.43301235449218, 88.4343856455078]
[230, 22.7340606, 87.3438537, 22.733427299533446, 22.734693897533518, 87.3431670544922, 87.34454034550782]
[886, 22.6070711, 88.3251566, 22.606437212962213, 22.60770498411759, 88.3244699544922, 88.32584324550783]
[761, 23.4338438, 87.499361, 23.433213787597513, 23.434473809399847, 87.49867435449221, 87.50004764550783]
[849, 23.6601586, 87.2281381, 23.659529671115926, 23.660787525859277, 87.22745145449221, 87.22882474550784]
[850, 23.647867, 87.2317295, 23.647238012015777, 23.64849598496064, 87.23104285449222, 87.23241614550784]
[841, 24.0990808, 88.2874585, 24.098454000481226, 24.099707596451648, 88.2867718544922, 88.28814514550783]
[709, 24.040073, 87.9784419, 24.03944591207076, 24.040700084867755, 87.9777552544922, 87.97912854550782]
[750, 23.4178205, 88.639887, 23.417190411255792, 23.418450585743127, 88.63920035449217, 88.6405736455078]
[873, 23.3374587, 88.0816575, 23.336828229122, 23.338089167884853, 88.0809708544922, 88.08234414550782]
[835, 23.4759535, 88.1731866, 23.47532368846063, 23.476583308532575, 88.1724999544922, 88.17387324550782]
[842, 24.102713, 88.2495847, 24.102086218255927, 24.103339778676588, 88.2488980544922, 88.25027134550783]
[840, 26.529106, 89.6702959, 26.5284916514154, 26.529720345296113, 89.66960925449217, 89.6709825455078]
[851, 26.7699703, 89.2137339, 26.769357246124034, 26.770583350566824, 89.21304725449215, 89.21442054550778]
[852, 26.6913525, 89.2641159, 26.690739022340637, 26.691965974356926, 89.26342925449217, 89.26480254550779]
[879, 26.8429876, 89.3766653, 26.8423749407522, 26.84360025593244, 89.3759786544922, 89.37735194550783]
[035, 22.5970748, 88.4393117, 22.59644086692095, 22.597708730159876, 88.4386250544922, 88.43999834550783]
[032, 22.603719, 88.4212565, 22.603085097520847, 22.604352899559274, 88.42056985449221, 88.42194314550784]
[828, 22.6554082, 88.3249251, 22.65477453586694, 22.65604186120799, 88.32423845449216, 88.32561174550779]
[549, 22.8178737, 88.3157842, 22.817240788374992, 22.818506608683514, 88.31509755449218, 88.31647084550781]
[036, 22.6288536, 88.4328473, 22.628219813355543, 22.629487383722015, 88.43216065449218, 88.4335339455078]
[901, 25.7412975, 87.9741578, 25.740678992688135, 25.74191600409265, 87.97347115449219, 87.97484444550781]
[060, 22.6973726, 88.409778, 22.696739129749947, 22.69800606732073, 88.4090913544922, 88.41046464550783]
[397, 26.7325151, 88.3620377, 26.73190184408055, 26.733128352613512, 88.36135105449216, 88.36272434550779]
[909, 22.3634558, 88.3952146, 22.362820796409412, 22.364090800695127, 88.39452795449222, 88.39590124550784]
[882, 26.1322798, 88.031444, 26.131663342059895, 26.132896254686234, 88.03075735449215, 88.03213064550778]
[116, 23.0733, 88.2876815, 23.0726682817464, 23.07393171528661, 88.2869948544922, 88.28836814550783]
[115, 23.0379565, 88.337022, 23.037324615869885, 23.038588381166633, 88.33633535449218, 88.3377086455078]
[869, 24.1073605, 87.3092418, 24.10673374100282, 24.10798725592924, 87.30855515449218, 87.30992844550781]
[708, 22.5880305, 88.4587936, 22.58739652528104, 22.58866447180067, 88.45810695449222, 88.45948024550785]
[097, 22.8132985, 88.2374514, 22.812665567113914, 22.813931429945065, 88.23676475449219, 88.23813804550781]
[889, 23.6045662, 88.1820292, 23.60393700404861, 23.605195392932057, 88.18134255449218, 88.1827158455078]
[631, 22.6354309, 88.4602331, 22.634797143687678, 22.636064653389244, 88.45954645449217, 88.4609197455078]
[114, 22.9841763, 88.3875869, 22.983544163926304, 22.984808433115578, 88.38690025449216, 88.38827354550779]
[395, 26.6223659, 88.3598726, 26.62175205142497, 26.622979745278553, 88.3591859544922, 88.36055924550783]
[519, 26.6920058, 88.2426738, 26.691392325857464, 26.692619270840087, 88.24198715449222, 88.24336044550785]
[386, 26.5608865, 88.2666226, 26.56027232162263, 26.56150067508614, 88.26593595449219, 88.26730924550782]
[107, 22.8389374, 88.0937735, 22.8383045863107, 22.839570210745748, 88.09308685449219, 88.09446014550781]
[112, 22.9669158, 88.4035194, 22.966283583184243, 22.967548013859364, 88.40283275449218, 88.4042060455078]
[533, 22.6193311, 88.4542778, 22.61869726945606, 22.619964927622522, 88.45359115449219, 88.45496444550781]
[124, 22.8443913, 87.8658294, 22.84375851168254, 22.845024085373336, 87.86514275449218, 87.86651604550781]
[127, 22.9191032, 87.6729031, 22.91847075982365, 22.919735637224726, 87.67221645449217, 87.6735897455078]
[126, 22.8411874, 87.9758398, 22.840554596777114, 22.8418202002791, 87.9751531544922, 87.97652644550783]
[787, 22.8770138, 87.5664565, 22.87638116356396, 22.87764643348866, 87.5657698544922, 87.56714314550783]
[648, 22.7067186, 88.2333708, 22.706085172976387, 22.707352024093314, 88.23268415449218, 88.2340574455078]
[106, 22.7471877, 88.0534254, 22.746554460345692, 22.74782093671996, 88.05273875449217, 88.0541120455078]
[100, 22.9626495, 88.0292509, 22.962017263236, 22.963281733808063, 88.02856425449215, 88.02993754550778]
[511, 22.8516486, 88.2209112, 22.851015845452796, 22.85228135160235, 88.22022455449218, 88.2215978455078]
[103, 22.7618677, 88.1715758, 22.76123452839122, 22.762500868672948, 88.17088915449222, 88.17226244550784]
[130, 22.7689, 87.8007008, 22.768266861002452, 22.76953313606103, 87.8000141544922, 87.80138744550783]
[128, 22.894532, 87.9427403, 22.893899445208532, 22.895164551842317, 87.94205365449216, 87.94342694550778]
[650, 23.0213401, 88.1386541, 23.020708137967766, 23.021972059070436, 88.13796745449218, 88.13934074550781]
[866, 22.9090437, 88.3382836, 22.908411212885902, 22.909676184163477, 88.3375969544922, 88.33897024550782]
[887, 23.264886, 87.1348375, 23.26425518509244, 23.26551681192159, 87.13415085449219, 87.13552414550782]
[122, 22.9266236, 88.2672085, 22.92599119492666, 22.927256002120988, 88.26652185449217, 88.2678951455078]
[101, 22.9367402, 88.1501901, 22.936107842165143, 22.9373725548815, 88.14950345449222, 88.15087674550784]
[475, 23.11239, 88.4530792, 23.111758465486215, 23.11302153154291, 88.45239255449218, 88.4537658455078]
[388, 26.6274162, 88.1715099, 26.626802378548373, 26.62803001815469, 88.17082325449218, 88.1721965455078]
[906, 22.9379951, 88.1922475, 22.93736274802615, 22.938627449020366, 88.1915608544922, 88.19293414550782]
[455, 22.5749562, 88.4340318, 22.574322165114992, 22.575590231968064, 88.4333451544922, 88.43471844550783]
[030, 22.5753618, 88.4345179, 22.574727766980992, 22.575995830101988, 88.43383125449219, 88.43520454550782]
[823, 22.8922391, 88.4016605, 22.891606534518992, 22.89287166253212, 88.40097385449218, 88.4023471455078]
[902, 26.6864328, 88.416261, 26.685819295859755, 26.687046300838233, 88.41557435449221, 88.41694764550783]
[903, 26.7934039, 88.4167011, 26.79279097266446, 26.794016824024443, 88.4160144544922, 88.41738774550782]
[871, 22.7336926, 88.3912224, 22.733059297829136, 22.734325899237856, 88.39053575449219, 88.39190904550782]
[534, 22.7318793, 88.3856109, 22.731245989431645, 22.73251260763557, 88.3849242544922, 88.38629754550783]
[383, 26.484652, 88.2358179, 26.48403741364966, 26.485266583065723, 88.23513125449222, 88.23650454550784]
[027, 22.592737, 88.4134045, 22.592103046947745, 22.59337095013348, 88.4127178544922, 88.41409114550783]
[028, 22.5914029, 88.4204377, 22.59076894080569, 22.592036856275662, 88.41975105449217, 88.42112434550779]
[778, 22.5842741, 88.4162659, 22.583640107991254, 22.584908089090852, 88.41557925449217, 88.4169525455078]
[962, 22.5816134, 88.4228577, 22.58097939574633, 22.582247401336012, 88.4221710544922, 88.42354434550782]
[960, 22.5871954, 88.4306771, 22.58656142143704, 22.58782937564475, 88.42999045449221, 88.43136374550784]
[959, 22.595887, 88.4247728, 22.59525306145143, 22.596520935629524, 88.42408615449222, 88.42545944550784]
[956, 22.5974523, 88.4100277, 22.59681836865929, 22.59808622842148, 88.40934105449219, 88.41071434550781]
[702, 22.5919849, 88.4062824, 22.59135094348512, 22.59261885359618, 88.4055957544922, 88.40696904550782]
[955, 22.5894602, 88.4018195, 22.58882623186231, 22.59009416521924, 88.40113285449218, 88.4025061455078]
[728, 22.5950404, 88.4005756, 22.59440645755319, 22.595674339527807, 88.39988895449221, 88.40126224550784]
[958, 22.5867017, 88.4043552, 22.586067719164582, 22.587335677917256, 88.40366855449219, 88.40504184550781]
[029, 22.5703863, 88.4130395, 22.56975224409275, 22.57102035299076, 88.41235285449216, 88.41372614550778]
[905, 22.5707958, 88.2040865, 22.57016174597635, 22.571429851107123, 88.2033998544922, 88.20477314550783]
[977, 22.6093191, 88.2432507, 22.60868522331877, 22.609952973760784, 88.24256405449216, 88.24393734550779]
[381, 26.8817716, 88.1894727, 26.881159150768255, 26.8823840459131, 88.1887860544922, 88.19015934550782]
[789, 22.5756481, 88.4321784, 22.57501406829817, 22.576282128784776, 88.43149175449219, 88.43286504550781]
[799, 26.3262781, 89.4485469, 26.325662669582233, 26.326893527146897, 89.44786025449218, 89.44923354550781]
[839, 22.8829394, 87.7846828, 22.88230679117392, 22.883572005878065, 87.78399615449217, 87.7853694455078]
[868, 22.0654206, 88.1429519, 22.064784246051087, 22.06605695108398, 88.1422652544922, 88.14363854550783]
[907, 22.6646662, 88.892185, 22.664032578611334, 22.665299818462646, 88.89149835449217, 88.8928716455078]
[925, 23.9155753, 87.5476563, 23.914947605749965, 23.916202991200525, 87.54696965449216, 87.54834294550778]
[928, 22.9051522, 88.4325058, 22.904519694733366, 22.905784702316403, 88.43181915449219, 88.43319244550781]
[929, 23.711585, 86.8226483, 23.710956318696912, 23.712213678273315, 86.82196165449216, 86.82333494550778]
[939, 23.517421, 87.3471323, 23.51679138659293, 23.518050610396223, 87.34644565449219, 87.34781894550781]
[974, 23.6388989, 87.6798785, 23.63826986891385, 23.639527928063465, 87.67919185449216, 87.68056514550779]
[978, 24.3079556, 87.8126754, 24.307329826731273, 24.308581370181646, 87.81198875449218, 87.8133620455078]
[979, 22.7334805, 88.4627918, 22.732847196846873, 22.734113800220175, 88.46210515449218, 88.4634784455078]
[931, 23.4877755, 87.3091315, 23.487145744912706, 23.48840525207936, 87.30844485449222, 87.30981814550785]
[900, 22.626994, 88.4376897, 22.62636020478127, 22.6276277922965, 88.43700305449221, 88.43837634550783]
[910, 22.5917402, 87.0509475, 22.59110624235857, 22.59237415472278, 87.0502608544922, 87.05163414550782]
[864, 22.1302153, 87.4812335, 22.129579238163856, 22.13085135896457, 87.48054685449222, 87.48192014550784]
[924, 22.8078142, 87.2347116, 22.807181241633558, 22.808447155426023, 87.23402495449216, 87.23539824550778]
[846, 21.7803225, 87.7665859, 21.779684870422038, 21.78096012674262, 87.76589925449218, 87.76727254550781]
[847, 21.6724024, 87.702123, 21.671764291667056, 21.673040505508833, 87.70143635449222, 87.70280964550784]
[129, 22.7114721, 87.8462368, 22.71083869496842, 22.712105502100837, 87.84555015449217, 87.8469234455078]
[987, 22.6728408, 88.4566097, 22.672207216367383, 22.673474380705752, 88.45592305449219, 88.45729634550781]
[838, 26.6944096, 88.3826878, 26.693796138798152, 26.695023057899203, 88.38200115449217, 88.3833744455078]
[562, 23.5327083, 88.1456967, 23.532078759719074, 23.533337837268586, 88.14501005449222, 88.14638334550784]
[657, 22.8385076, 87.77376, 22.83787478431147, 22.839140412745007, 87.77307335449217, 87.7744466455078]
[117, 22.9528698, 88.3200773, 22.95223751752151, 22.953502079523513, 88.31939065449217, 88.32076394550779]
[815, 23.5337387, 87.9032687, 23.533109164649556, 23.534368232337997, 87.9025820544922, 87.90395534550782]
[980, 22.8366205, 88.1389775, 22.835987675534057, 22.83725332152259, 88.1382908544922, 88.13966414550782]
[379, 27.0952835, 88.1046559, 27.09467221196142, 27.095894784701898, 88.1039692544922, 88.10534254550782]
[373, 27.0575314, 88.1834662, 27.05691990602683, 27.058142890639637, 88.18277955449219, 88.18415284550781]
[880, 27.1131153, 88.1361631, 27.112504109324682, 27.11372648733711, 88.13547645449216, 88.13684974550779]
[853, 23.3051433, 86.3439523, 23.304512675806464, 23.305773921203556, 86.3432656544922, 86.34463894550782]
[478, 26.9085635, 88.2707776, 26.90795119601079, 26.9091758006683, 88.27009095449216, 88.27146424550779]
[911, 22.5207812, 88.147933, 22.52014691616124, 22.52141548092729, 88.14724635449215, 88.14861964550778]
[111, 23.1025245, 88.1764268, 23.101892919086374, 23.1031560779437, 88.17574015449219, 88.17711344550781]
[110, 23.1322852, 88.3893601, 23.131653759115082, 23.13291663791205, 88.38867345449216, 88.39004674550779]
[716, 26.733341, 88.403619, 26.73272774853286, 26.73395424816112, 88.40293235449218, 88.4043056455078]
[875, 22.6839973, 86.8672902, 22.683363767916777, 22.684630829155246, 86.8666035544922, 86.86797684550783]
[892, 22.9473855, 88.6613423, 22.94675319189361, 22.948017805151945, 88.66065565449219, 88.66202894550781]
[615, 22.3409285, 87.2536697, 22.340293393740446, 22.341563603366385, 87.25298305449218, 87.2543563455078]
[109, 23.0245717, 88.3538284, 23.023939753114174, 23.02520364392366, 88.35314175449219, 88.35451504550781]
[993, 26.5571890850132, 88.9160801985088, 26.556574886823842, 26.557803279911685, 88.91539355300097, 88.91676684401659]
[719, 25.0013859, 88.1387061, 25.00076359327277, 25.00200820357523, 88.13801945449217, 88.13939274550779]
[837, 26.6707588, 88.3172495, 26.670145211522737, 26.67137238517665, 88.31656285449219, 88.31793614550782]
[938, 22.609234, 88.4278141, 22.608600122926692, 22.60986787415287, 88.42712745449217, 88.42850074550779]
[971, 24.4531955, 88.1313707, 24.452570445231245, 24.453820551667945, 88.13068405449218, 88.1320573455078]
[904, 22.9378104, 88.1925126, 22.937178047163496, 22.93844274988305, 88.19182595449217, 88.1931992455078]
[935, 23.3129046, 86.8565568, 23.312274012610477, 23.313535184398784, 86.85587015449221, 86.85724344550783]
[934, 23.0853951, 87.2755815, 23.084763438567176, 23.08602675846464, 87.27489485449217, 87.2762681455078]
[990, 23.5639398, 87.1241942, 23.56331040925292, 23.56456918773171, 87.12350755449222, 87.12488084550785]
